return {
	Vector3.new(-6.0446291e+23, 0.100000001, 2.1178894),
	Vector3.new(-6.0446291e+23, 0.100000001, 14.3269958),
	Vector3.new(-6.0446291e+23, 0.100000001, 18.8553009),
	Vector3.new(-6.0446291e+23, 0.100000001, 18.9468689),
	Vector3.new(-6.0446291e+23, 0.100000001, 3.16323853),
	Vector3.new(-6.0446291e+23, 0.100000001, 1.93096924),
	Vector3.new(-6.0446291e+23, 0.100000001, 2.08538818),
	Vector3.new(-6.0446291e+23, 0.100000001, 6.38835144),
	Vector3.new(-6.0446291e+23, 0.100000001, 6.17863464),
	Vector3.new(-6.0446291e+23, 0.100000001, 5.92474365),
	Vector3.new(-6.0446291e+23, 0.100000001, 5.56539917),
	Vector3.new(-6.0446291e+23, 0.100000001, 5.1313324),
	Vector3.new(-6.0446291e+23, 0.100000001, 4.73095703),
	Vector3.new(-6.0446291e+23, 0.100000001, 4.47518921),
	Vector3.new(-6.0446291e+23, 0.100000001, 4.19015503),
	Vector3.new(-6.0446291e+23, 0.100000001, 3.68344116),
	Vector3.new(-6.0446291e+23, 0.100000001, 3.15397644),
	Vector3.new(-6.0446291e+23, 0.100000001, 2.56057739),
	Vector3.new(-6.0446291e+23, 0.100000001, 2.46572876),
	Vector3.new(-6.0446291e+23, 0.100000001, 1.92340088),
	Vector3.new(-6.0446291e+23, 0.100000001, 1.59051514),
	Vector3.new(-6.0446291e+23, 0.100000001, 1.38623047),
	Vector3.new(-6.0446291e+23, 0.100000001, 0.941497803),
	Vector3.new(-6.0446291e+23, 0.100000001, 0.749694824),
	Vector3.new(-6.0446291e+23, 0.100000001, 0.413208008),
	Vector3.new(-6.0446291e+23, 0.100000001, -0.0682067871),
	Vector3.new(-6.0446291e+23, 0.100000001, -0.267822266),
	Vector3.new(-6.0446291e+23, 0.100000001, -0.508850098),
	Vector3.new(-6.0446291e+23, 0.100000001, -0.805297852),
	Vector3.new(-6.0446291e+23, 0.100000001, -1.21295166),
	Vector3.new(-6.0446291e+23, 0.100000001, -1.62689209),
	Vector3.new(-6.0446291e+23, 0.100000001, -1.62689209),
	Vector3.new(-6.0446291e+23, 0.100000001, 0.440917969),
	Vector3.new(-6.0446291e+23, 0.100000001, -0.198730469),
	Vector3.new(-6.0446291e+23, 0.100000001, -2.27902222),
	Vector3.new(-6.0446291e+23, 0.100000001, -1.66827393),
	Vector3.new(-6.0446291e+23, 0.100000001, -1.76531982),
	Vector3.new(-6.0446291e+23, 0.100000001, -1.95162964),
	Vector3.new(-6.0446291e+23, 0.100000001, -2.13793945),
	Vector3.new(-6.0446291e+23, 0.100000001, -2.18569946),
	Vector3.new(-6.0446291e+23, 0.100000001, -2.32247925),
	Vector3.new(-6.0446291e+23, 0.100000001, -2.41775513),
	Vector3.new(-6.0446291e+23, 0.100000001, -2.54800415),
	Vector3.new(-6.0446291e+23, 0.100000001, -2.58731079),
	Vector3.new(-6.0446291e+23, 0.100000001, -2.59353638),
	Vector3.new(-6.0446291e+23, 0.100000001, -2.52963257),
	Vector3.new(-6.0446291e+23, 0.100000001, -2.47637939),
	Vector3.new(-6.0446291e+23, 0.100000001, -2.41900635),
	Vector3.new(-6.0446291e+23, 0.100000001, -2.47875977),
	Vector3.new(-6.0446291e+23, 0.100000001, -2.41964722),
	Vector3.new(-6.0446291e+23, 0.100000001, -2.41159058),
	Vector3.new(-6.0446291e+23, 0.100000001, -2.31988525),
	Vector3.new(-6.0446291e+23, 0.100000001, -2.20800781),
	Vector3.new(-6.0446291e+23, 0.100000001, -2.09643555),
	Vector3.new(-6.0446291e+23, 0.100000001, 2.09646606),
	Vector3.new(-6.0446291e+23, 0.100000001, 1.95883179),
	Vector3.new(-6.0446291e+23, 0.100000001, 1.85992432),
	Vector3.new(-6.0446291e+23, 0.100000001, 7.12223816),
	Vector3.new(-6.0446291e+23, 0.100000001, 7.15141296),
	Vector3.new(-6.0446291e+23, 0.100000001, 5.69377136),
	Vector3.new(-6.0446291e+23, 0.100000001, 7.29980469),
	Vector3.new(-6.0446291e+23, 0.100000001, 9.16850281),
	Vector3.new(-6.0446291e+23, 0.100000001, 10.7173157),
	Vector3.new(-6.0446291e+23, 0.100000001, 9.46505737),
	Vector3.new(-6.0446291e+23, 0.100000001, 10.021698),
	Vector3.new(-6.0446291e+23, 0.100000001, 11.2829132),
	Vector3.new(-6.0446291e+23, 0.100000001, 9.35383606),
	Vector3.new(-6.0446291e+23, 0.100000001, 9.04042053),
	Vector3.new(-6.0446291e+23, 0.100000001, 7.25230408),
	Vector3.new(-6.0446291e+23, 0.100000001, 6.26246643),
	Vector3.new(-6.0446291e+23, 0.100000001, 7.6607666),
	Vector3.new(-6.0446291e+23, 0.100000001, 7.18783569)
}
