return
{
Vector3.new(-1.06781197, 3.47536087, -41.318222),
Vector3.new(-1.87120628, 3.33401108, -40.8174706),
Vector3.new(-2.27619743, 3.23038292, -40.0882416),
Vector3.new(-2.72292519, 3.11001587, -38.9714203),
Vector3.new(-3.2409153, 3.160429, -37.6764336),
Vector3.new(-4.03171349, 3.42428017, -35.6994324),
Vector3.new(-4.54994774, 3.51251221, -34.1790962),
Vector3.new(-5.00810051, 3.64295006, -32.7602158),
Vector3.new(-5.32551003, 3.62734985, -31.540823),
Vector3.new(-5.71920967, 3.81500435, -30.4901047),
Vector3.new(-6.04619408, 3.93130493, -29.094141),
Vector3.new(-6.06424904, 3.96822166, -27.8461533),
Vector3.new(-6.07382774, 3.98781204, -25.9130611),
Vector3.new(-6.05322075, 3.94519806, -24.4112453),
Vector3.new(-6.0807476, 4.00148201, -23.4530563),
Vector3.new(-6.1227169, 4.08729362, -19.6450939),
Vector3.new(-6.17929268, 4.20308685, -16.7996426),
Vector3.new(-6.22187233, 4.29014969, -11.7250786),
Vector3.new(-6.15876198, 4.16111183, -9.90808487),
Vector3.new(-6.15416145, 4.15169907, -8.40842056),
Vector3.new(-6.17312431, 4.19057655, -7.26897812),
Vector3.new(-6.12067604, 4.08334351, -3.46198654),
Vector3.new(-6.18123817, 4.20716286, 2.28301239),
Vector3.new(-6.2316227, 4.33911514, 8.06236649),
Vector3.new(-5.91113472, 4.26141357, 11.1523018),
Vector3.new(-5.47323799, 4.50714111, 14.8313904),
Vector3.new(-5.22070885, 5.30381203, 17.9199219),
Vector3.new(-5.0194149, 6.02352142, 19.8150215),
Vector3.new(-4.50945473, 7.25963593, 22.8342781),
Vector3.new(-4.03193092, 8.02666664, 25.094593),
Vector3.new(-3.34290123, 8.90571785, 28.35606),
Vector3.new(-2.73005486, 9.35522652, 31.2569313),
Vector3.new(-2.30096626, 9.43432045, 33.2879906),
Vector3.new(-1.88026619, 9.50657463, 35.1394844),
Vector3.new(-1.34056282, 9.41539192, 35.4063606),
Vector3.new(-0.859313965, 9.35486031, 35.1849861),
Vector3.new(-0.319145203, 9.28195381, 33.4381523),
Vector3.new(0.0873279572, 8.96293831, 31.8051872),
Vector3.new(0.648704529, 8.66059303, 29.1858864),
Vector3.new(1.0630703, 8.32442665, 27.0844383),
Vector3.new(1.55840111, 7.64423561, 24.5723991),
Vector3.new(2.09272003, 6.47572708, 21.8626289),
Vector3.new(2.46883011, 5.5570488, 19.1205864),
Vector3.new(2.84148026, 4.24550438, 15.9323235),
Vector3.new(3.0743084, 3.80678558, 13.8582802),
Vector3.new(3.01300621, 3.43712044, 11.55793),
Vector3.new(3.09361839, 3.68252373, 7.72212601),
Vector3.new(3.38488007, 4.09940147, 2.53487778),
Vector3.new(3.34270287, 4.01316071, -3.51711655),
Vector3.new(3.27074242, 3.86614418, -11.4964714),
Vector3.new(3.21291542, 3.74790382, -17.9143524),
Vector3.new(3.15471458, 3.62900925, -24.367403),
Vector3.new(3.41674232, 4.16446686, -28.7682972),
Vector3.new(3.01880836, 3.99977303, -31.3480167),
Vector3.new(2.56090355, 3.89912987, -32.8324394),
Vector3.new(1.85222435, 3.68470001, -34.9989395),
Vector3.new(0.975654602, 3.44041443, -37.6429825),
Vector3.new(0.142189026, 3.22622871, -39.7266502),
Vector3.new(-0.454561234, 3.22915459, -40.8020821),
Vector3.new(-0.858268738, 3.47291183, -41.0849457),
Vector3.new(-1.15060234, 3.97581291, -40.7282753),
Vector3.new(-1.22572327, 4.58846092, -39.8109245),
Vector3.new(-1.23798561, 6.02632523, -36.6763992),
Vector3.new(-1.27524185, 6.73151398, -34.9454956),
Vector3.new(-1.18422318, 7.52848244, -32.9893074),
Vector3.new(-1.15650558, 8.02395439, -31.9438286),
Vector3.new(-1.12705612, 10.0753422, -28.9757576),
Vector3.new(-3.9624157, 10.0439777, -29.0175743),
Vector3.new(-5.16657448, 9.97843361, -27.8953514),
Vector3.new(-5.31340981, 9.81474495, -25.6781082),
Vector3.new(-6.4187603, 7.83084679, -25.5067215),
Vector3.new(-6.45761681, 7.47907066, -28.2990704),
Vector3.new(-5.81896019, 7.48518944, -30.2450371),
Vector3.new(-4.32605934, 7.84988213, -32.04142),
Vector3.new(1.70116425, 7.88187218, -32.1208878),
Vector3.new(3.25645638, 7.57465935, -30.6350517),
Vector3.new(3.71211815, 7.47693825, -29.474472),
Vector3.new(3.667099, 7.88120079, -25.5775509),
Vector3.new(2.66562271, 9.6980114, -25.4492378),
Vector3.new(2.38981056, 10.0339336, -28.0675316),
Vector3.new(1.53611374, 10.0184765, -28.9825611),
Vector3.new(-1.05737877, 10.1153469, -28.9224148),
Vector3.new(-1.33395386, 10.729517, -28.0670586),
Vector3.new(-1.39801216, 11.267374, -27.019392),
Vector3.new(-1.40653992, 11.5854321, -26.2242546),
Vector3.new(-1.51208115, 11.5848179, -19.7046013),
Vector3.new(-1.49966812, 11.5868244, -8.46515274),
Vector3.new(-1.83062553, 11.5331097, 3.5664444),
Vector3.new(-1.10319901, 11.5978603, 17.762764),
Vector3.new(-1.34986115, 11.9943638, 18.2070694),
Vector3.new(-1.34965515, 12.7947941, 24.1378212),
Vector3.new(-1.36508751, 21.1255627, 30.4599342),
Vector3.new(-1.36540604, 21.1342793, 40.3110008),
Vector3.new(-1.39430237, 19.5025501, 40.3465004),
Vector3.new(-1.2708168, 19.2748318, 38.6436119),
Vector3.new(-1.29089928, 10.0094471, 33.7285576),
Vector3.new(-2.04190636, 9.90209007, 33.6728859),
Vector3.new(-2.06534767, 19.2840061, 38.6717262),
Vector3.new(-2.06201363, 19.3699284, 40.306118),
Vector3.new(-2.07810402, 21.0971241, 40.3176765),
Vector3.new(-2.07053947, 21.1336727, 30.4656792),
Vector3.new(-2.07810783, 12.6915417, 24.473835),
Vector3.new(-2.07810783, 12.2357273, 23.0719109),
Vector3.new(-2.04994774, 11.9001446, 17.7627602),
Vector3.new(-2.06974983, 11.3273525, 17.7627602),
Vector3.new(-2.07810783, 10.9265003, 26.0365105),
Vector3.new(-2.07810783, 9.87359047, 33.5387611),
Vector3.new(-2.07810402, 19.3762264, 35.2879829),
Vector3.new(-2.07810402, 19.4615688, 30.9262505),
Vector3.new(-2.14443398, 19.7601795, 31.4470406),
Vector3.new(-2.07810402, 19.7868366, 38.5809288),
Vector3.new(-16.6223316, 19.7601757, 40.3104362),
Vector3.new(-16.6188564, 19.7601757, 37.8882179),
Vector3.new(-2.07810402, 19.767149, 30.9494743),
Vector3.new(-0.666622162, 19.6530514, 30.8565712),
Vector3.new(13.99757, 19.7601871, 37.9242897),
Vector3.new(14.0106487, 19.7601833, 40.334156),
Vector3.new(-0.666622162, 19.772295, 38.5888252),
Vector3.new(-0.666620255, 19.7800655, 31.0656166),
Vector3.new(-0.666624069, 19.1768742, 38.4092674),
Vector3.new(-0.666624069, 9.8480854, 33.6146126),
Vector3.new(-0.666624069, 10.5198536, 29.3442192),
Vector3.new(-0.666624069, 10.9230976, 26.918148),
Vector3.new(-0.666622162, 11.3276501, 17.8381081),
Vector3.new(-3.05521584, 11.2991314, 17.9032097),
Vector3.new(-3.67306709, 11.0291004, 17.8506584),
Vector3.new(-4.40221977, 10.6004963, 17.9405785),
Vector3.new(-4.82465935, 9.89628029, 17.8547821),
Vector3.new(-5.19168282, 9.20577049, 17.8127747),
Vector3.new(-5.26143074, 8.31557655, 17.7444496),
Vector3.new(-5.86509132, 8.58819389, 18.0281143),
Vector3.new(-6.94489098, 9.21161842, 17.9958305),
Vector3.new(-7.55028343, 9.56114006, 17.9823875),
Vector3.new(-7.42899895, 9.0836544, 18.4260941),
Vector3.new(-6.67080879, 8.64591408, 18.3495979),
Vector3.new(-6.05664635, 8.29132652, 18.5186501),
Vector3.new(-5.38120079, 7.90136147, 18.3644791),
Vector3.new(-5.20987129, 7.32354164, 18.1855698),
Vector3.new(-5.22878456, 6.16019058, 18.0237122),
Vector3.new(-5.08605003, 4.6438427, 17.9655342),
Vector3.new(-4.63221169, 3.9367466, 18.3761482),
Vector3.new(-3.8879528, 3.66787529, 18.1679726),
Vector3.new(-2.83711052, 3.54916573, 17.7913857),
Vector3.new(-1.74854088, 3.55680656, 17.8156357),
Vector3.new(-0.82780838, 3.56704903, 17.8481407),
Vector3.new(0.345357895, 3.58264732, 17.8976326),
Vector3.new(1.4140873, 3.58001518, 17.8892937),
Vector3.new(2.23305702, 3.96320534, 17.8409882),
Vector3.new(2.63553047, 4.54951286, 17.6943474),
Vector3.new(2.65673828, 5.3039341, 17.5129051),
Vector3.new(2.67075348, 5.84930229, 17.3910255),
Vector3.new(2.68361092, 6.61048317, 17.1957092),
Vector3.new(2.68573952, 7.61149788, 17.0757217),
Vector3.new(3.1845417, 8.1871891, 17.1147728),
Vector3.new(4.91029358, 9.07497597, 16.7680702),
Vector3.new(5.19475746, 8.18994713, 17.0770683),
Vector3.new(5.49787331, 7.66228676, 17.1080437),
Vector3.new(5.99121666, 7.21230507, 17.1542587),
Vector3.new(6.5882473, 6.91930771, 17.0509911),
Vector3.new(7.22433472, 6.8300209, 16.9868889),
Vector3.new(7.89424133, 7.00995064, 17.028862),
Vector3.new(8.60385132, 7.54715538, 17.1216507),
Vector3.new(9.05532646, 8.34311485, 17.0969315),
Vector3.new(9.28313637, 9.17433739, 17.0485611),
Vector3.new(9.16017723, 9.87033272, 16.9997711),
Vector3.new(8.8231945, 10.687376, 17.0089722),
Vector3.new(8.45887566, 11.1080532, 17.0619621),
Vector3.new(7.7028141, 11.549284, 17.0965309),
Vector3.new(6.77079201, 11.6181431, 17.049778),
Vector3.new(6.18125916, 11.4491444, 16.961792),
Vector3.new(5.6510334, 11.0938587, 16.8815804),
Vector3.new(5.24149704, 10.5276623, 16.8653488),
Vector3.new(5.00327682, 9.81878471, 16.9022026),
Vector3.new(4.62700081, 9.42745399, 17.0928192),
Vector3.new(3.95929337, 9.04195213, 17.1364861),
Vector3.new(2.63219643, 8.48455238, 17.1121101),
Vector3.new(2.42707062, 9.54744911, 17.280056),
Vector3.new(2.17316628, 10.1542187, 17.299366),
Vector3.new(1.6110878, 10.5381222, 17.4194984),
Vector3.new(0.770524979, 11.0689602, 17.5974846),
Vector3.new(-0.131433487, 11.2543049, 17.6466904),
Vector3.new(-1.55734634, 11.2948933, 17.5349426),
Vector3.new(-1.2818718, 11.3122959, 14.3546295),
Vector3.new(-2.09804344, 11.3333797, 14.5631142),
Vector3.new(-3.00530434, 11.3359432, 14.3802643),
Vector3.new(-3.78596306, 10.9738789, 14.636219),
Vector3.new(-4.47220802, 10.5580921, 14.5437164),
Vector3.new(-5.33491707, 9.68405342, 14.8126564),
Vector3.new(-5.64591026, 9.1448307, 14.4549904),
Vector3.new(-5.95893288, 8.64237404, 14.4834061),
Vector3.new(-7.28463554, 9.40777016, 14.1130714),
Vector3.new(-7.52727699, 10.4485416, 14.2197876),
Vector3.new(-7.74973488, 11.032156, 14.2671394),
Vector3.new(-8.08708763, 11.6402416, 14.2142754),
Vector3.new(-8.98616982, 12.0205059, 13.9809265),
Vector3.new(-9.58029366, 12.1521397, 13.8578224),
Vector3.new(-10.2149677, 12.1326847, 13.846962),
Vector3.new(-11.0323696, 11.8449841, 13.9438362),
Vector3.new(-11.9923382, 11.1916523, 13.7854004),
Vector3.new(-12.2025318, 10.4003239, 13.757473),
Vector3.new(-12.3710537, 9.60027885, 13.605011),
Vector3.new(-12.3501453, 8.86850166, 13.6501503),
Vector3.new(-12.2038937, 8.19678307, 13.7133102),
Vector3.new(-11.8632984, 7.49638939, 13.7100563),
Vector3.new(-11.2756977, 6.87363243, 13.752121),
Vector3.new(-10.654417, 6.54579735, 13.9018707),
Vector3.new(-9.79007149, 6.40729713, 13.8608894),
Vector3.new(-8.72618294, 6.7040863, 13.8820114),
Vector3.new(-7.98418617, 7.05371857, 14.1290321),
Vector3.new(-7.62186623, 7.94615746, 14.2595482),
Vector3.new(-7.40135384, 8.63870049, 14.4473076),
Vector3.new(-6.69237328, 8.65836525, 14.0578308),
Vector3.new(-5.68095589, 7.99220848, 14.1551552),
Vector3.new(-5.67364693, 6.89177895, 14.2176628),
Vector3.new(-5.67888069, 6.04340553, 14.1728783),
Vector3.new(-5.6823101, 5.23330498, 14.1435127),
Vector3.new(-5.49931526, 4.11511612, 14.0552444),
Vector3.new(-5.32221794, 3.19189453, 14.0336494),
Vector3.new(-4.90320015, 2.47696495, 14.2380104),
Vector3.new(-4.10832787, 2.40181923, 14.1515236),
Vector3.new(-2.99827385, 2.39434052, 14.1278038),
Vector3.new(-2.18385506, 2.35706329, 14.0095558),
Vector3.new(-1.25839043, 2.29711723, 13.8193893),
Vector3.new(-0.353271484, 2.27079964, 13.7359123),
Vector3.new(0.714660645, 2.24911499, 13.6671257),
Vector3.new(1.75923157, 2.30483055, 13.8438873),
Vector3.new(2.45380402, 2.67295265, 14.0644569),
Vector3.new(2.98852348, 3.32520485, 14.2259712),
Vector3.new(3.04428291, 4.48303986, 14.068615),
Vector3.new(3.04299164, 5.65397835, 13.9632721),
Vector3.new(3.03068733, 6.71520042, 13.970932),
Vector3.new(2.97196579, 8.06445885, 13.8517685),
Vector3.new(4.55258751, 8.9770298, 13.6602173),
Vector3.new(4.75992393, 8.13981819, 13.7729225),
Vector3.new(5.02524376, 7.57291985, 13.7479362),
Vector3.new(5.35074234, 6.92777824, 13.7707481),
Vector3.new(6.26802635, 6.54391289, 13.66856),
Vector3.new(7.43973351, 6.45573235, 13.7896729),
Vector3.new(8.17377472, 6.68676376, 13.9421463),
Vector3.new(8.95738983, 7.05372238, 14.0419464),
Vector3.new(9.31194115, 7.89316368, 13.9155922),
Vector3.new(9.58919716, 8.82027245, 13.8580856),
Vector3.new(9.60089493, 9.71984673, 13.7804184),
Vector3.new(9.34363365, 10.6559048, 13.8969803),
Vector3.new(8.68265152, 11.6342449, 13.8484497),
Vector3.new(7.94360733, 12.0326099, 13.8782692),
Vector3.new(6.7287159, 12.1469059, 13.6648483),
Vector3.new(6.10778236, 11.9781208, 13.6082039),
Vector3.new(5.46577454, 11.5672855, 13.5291672),
Vector3.new(4.95261383, 10.982645, 13.5584869),
Vector3.new(4.64905739, 10.2257175, 13.5164032),
Vector3.new(4.54223442, 9.4732151, 13.4730492),
Vector3.new(3.93213654, 9.02627373, 13.5356712),
Vector3.new(3.09963608, 8.5456295, 13.5295677),
Vector3.new(2.91775894, 8.99595833, 13.4106979),
Vector3.new(2.73103333, 9.45940208, 13.4295425),
Vector3.new(2.36677742, 9.96879768, 13.4680672),
Vector3.new(1.83419609, 10.3790302, 13.5945549),
Vector3.new(1.23198509, 10.7682705, 13.6846352),
Vector3.new(0.533138275, 11.2092838, 13.6976585),
Vector3.new(-0.399198532, 11.29352, 13.6181908),
Vector3.new(-1.07202339, 11.3116894, 13.6905174),
Vector3.new(-1.74795723, 11.3311863, 13.6047668),
Vector3.new(-0.741991043, 11.2987423, 14.1668472),
Vector3.new(-0.53512001, 11.2686634, 17.2514191),
Vector3.new(0.319108963, 11.2436848, 17.4023895),
Vector3.new(0.0163478851, 11.2841282, 13.8960953),
Vector3.new(1.17730904, 10.8111973, 17.1540375),
Vector3.new(1.57179642, 10.6436138, 14.0295792),
Vector3.new(2.21531296, 10.0972652, 13.9368515),
Vector3.new(1.85713005, 10.4279728, 16.9983902),
Vector3.new(2.98912048, 9.24749947, 13.8368835),
Vector3.new(2.75367355, 8.37030983, 16.6407356),
Vector3.new(3.32699394, 8.67689323, 16.962616),
Vector3.new(4.17344856, 9.1655941, 13.9849319),
Vector3.new(4.86388206, 9.56421471, 16.4540443),
Vector3.new(4.58149338, 9.56415749, 13.9869385),
Vector3.new(4.51662636, 9.36372948, 11.8514061),
Vector3.new(4.57731056, 10.1265202, 11.8678436),
Vector3.new(4.84670639, 10.8505192, 11.8379211),
Vector3.new(5.13455582, 11.5103474, 11.8184052),
Vector3.new(5.73671913, 11.8686924, 11.8230667),
Vector3.new(6.35519791, 12.177145, 11.871212),
Vector3.new(7.53216553, 12.232275, 11.8488121),
Vector3.new(8.31923485, 11.9455433, 11.8611069),
Vector3.new(9.17592812, 11.3754597, 11.8579636),
Vector3.new(9.54229546, 10.3870602, 11.7552681),
Vector3.new(9.68726158, 9.10579491, 11.6393318),
Vector3.new(9.35829735, 7.89017677, 11.6334419),
Vector3.new(8.98256111, 7.05460167, 11.4625969),
Vector3.new(8.26937675, 6.70513916, 11.5265503),
Vector3.new(6.95591545, 6.39338684, 11.5092049),
Vector3.new(5.97406769, 6.67279625, 11.5878906),
Vector3.new(5.08525276, 7.18425179, 11.4838715),
Vector3.new(4.82253265, 7.91700935, 11.4442444),
Vector3.new(4.57327652, 8.70273018, 11.4574699),
Vector3.new(3.37218857, 8.2955265, 11.3804741),
Vector3.new(3.31437111, 7.11669159, 11.3034859),
Vector3.new(3.30454636, 6.18946266, 11.4873619),
Vector3.new(3.31785774, 5.27725029, 11.4554634),
Vector3.new(3.32488823, 4.50500679, 11.4677162),
Vector3.new(3.2520771, 3.88269234, 11.3838387),
Vector3.new(2.53987122, 2.77793312, 11.5853729),
Vector3.new(1.79397011, 2.22375107, 11.567318),
Vector3.new(1.18651772, 1.84550667, 11.5250969),
Vector3.new(0.489854813, 1.57799339, 11.5380478),
Vector3.new(-2.22035027, 1.52904701, 11.3827438),
Vector3.new(-3.05893135, 1.69912338, 11.4801331),
Vector3.new(-3.63973427, 1.89851761, 11.25317),
Vector3.new(-4.4526844, 2.18890762, 11.2071571),
Vector3.new(-5.00964165, 2.52343178, 11.2161636),
Vector3.new(-5.53922081, 3.1955471, 11.1673126),
Vector3.new(-5.81470299, 3.7449398, 11.1202164),
Vector3.new(-6.03293037, 5.07735825, 11.1437531),
Vector3.new(-6.03421593, 5.73361588, 11.1327438),
Vector3.new(-6.05022621, 7.34409523, 10.9958),
Vector3.new(-6.01428795, 8.26687431, 11.3214531),
Vector3.new(-7.26675606, 8.98998833, 11.577774),
Vector3.new(-7.41426277, 8.25913811, 11.5195732),
Vector3.new(-7.61710167, 7.23387909, 11.4669609),
Vector3.new(-8.45158195, 6.83216667, 11.4304314),
Vector3.new(-9.97546959, 6.37667084, 11.7171822),
Vector3.new(-10.6912251, 6.51608467, 11.6995735),
Vector3.new(-11.3957958, 6.93458557, 11.7035103),
Vector3.new(-11.9928951, 7.62631416, 11.70327),
Vector3.new(-12.3979053, 9.06352043, 11.6980057),
Vector3.new(-12.3591099, 10.0613422, 11.6419106),
Vector3.new(-12.0433331, 10.9454365, 11.6713715),
Vector3.new(-11.46348, 11.6606503, 11.6852341),
Vector3.new(-10.4380856, 12.1963367, 11.6739845),
Vector3.new(-9.61270714, 12.2647686, 11.7011337),
Vector3.new(-8.71581078, 11.9947834, 11.7333488),
Vector3.new(-7.91750145, 11.6461658, 11.7652206),
Vector3.new(-7.61201286, 10.9142246, 12.0198402),
Vector3.new(-7.30548668, 9.9065876, 11.9079514),
Vector3.new(-7.2813282, 9.53660011, 11.4541321),
Vector3.new(-5.90266991, 8.97364235, 11.2747498),
Vector3.new(-5.61108208, 9.44135094, 11.1570396),
Vector3.new(-5.06551552, 10.0238247, 11.0285225),
Vector3.new(-4.24538994, 10.6571026, 11.0618362),
Vector3.new(-3.39288521, 11.1661205, 11.2464256),
Vector3.new(-2.79941368, 11.3359356, 11.3030396),
Vector3.new(-1.85907936, 11.3359318, 11.2247047),
Vector3.new(-1.11480904, 11.3337345, 11.0453224),
Vector3.new(-0.374284744, 11.3137493, 10.9645348),
Vector3.new(0.409496307, 11.2811184, 11.1510124),
Vector3.new(1.01389122, 10.8994198, 11.0194435),
Vector3.new(1.56776237, 10.5106373, 10.9572144),
Vector3.new(2.26336098, 9.97715569, 10.8771667),
Vector3.new(2.91439247, 9.06857109, 10.3503532),
Vector3.new(3.4875927, 8.76961327, 10.5879593),
Vector3.new(4.56330681, 9.57715416, 10.4932976),
Vector3.new(4.86533165, 10.7695904, 10.5069809),
Vector3.new(4.93843079, 11.3887882, 10.4890823),
Vector3.new(5.62797546, 11.7415409, 10.3483162),
Vector3.new(6.24091339, 12.0845203, 10.3703613),
Vector3.new(7.01574326, 12.2361507, 10.3135796),
Vector3.new(7.81341553, 12.1235714, 10.3226471),
Vector3.new(8.46540833, 11.8073902, 10.2745667),
Vector3.new(9.17423058, 11.4240589, 10.3179588),
Vector3.new(9.44565201, 10.4647808, 10.318531),
Vector3.new(9.62548065, 9.52323723, 10.2456779),
Vector3.new(9.56083679, 8.71174812, 10.2691536),
Vector3.new(9.36269379, 8.04707909, 10.2909393),
Vector3.new(9.31814194, 7.30288506, 10.2858582),
Vector3.new(8.4272213, 6.87578392, 10.3518829),
Vector3.new(7.59577751, 6.55063629, 10.2565231),
Vector3.new(6.3504467, 6.62286568, 9.86711884),
Vector3.new(5.71034431, 6.94033432, 9.75613403),
Vector3.new(5.07525635, 7.47051811, 9.58122253),
Vector3.new(4.82774734, 8.23011971, 9.54975128),
Vector3.new(4.59473419, 9.00136375, 9.454216),
Vector3.new(3.48823738, 8.36252785, 9.39752579),
Vector3.new(3.30964851, 7.89978981, 9.33443069),
Vector3.new(3.52121925, 6.67373848, 9.43222427),
Vector3.new(3.52137184, 5.74085999, 9.52425003),
Vector3.new(3.49728012, 4.86859703, 9.63905716),
Vector3.new(3.37349701, 4.08463478, 9.56874847),
Vector3.new(2.85622025, 3.24547195, 9.48825836),
Vector3.new(2.26791954, 2.51467133, 9.41111374),
Vector3.new(2.32967186, 1.57567978, 9.41745377),
Vector3.new(1.98266792, 0.943778992, 9.41085052),
Vector3.new(0.570556641, 0.773019791, 8.98430252),
Vector3.new(-0.696712494, 0.728403091, 8.84275436),
Vector3.new(-1.69723701, 0.737909317, 8.87291336),
Vector3.new(-2.50223351, 0.75396347, 8.92384338),
Vector3.new(-3.2359066, 0.841423035, 9.20130157),
Vector3.new(-4.27691841, 1.03553581, 9.08428574),
Vector3.new(-4.87343788, 2.0951767, 8.95517349),
Vector3.new(-39.5970001, 3.63765144, 10.1888657),
Vector3.new(-41.0769577, 9.15908623, 11.4034691),
Vector3.new(-41.005127, 9.16179085, 9.61335373),
Vector3.new(-39.6898727, 3.72232246, 5.06201172),
Vector3.new(-5.51774025, 2.20550346, -3.89138031),
Vector3.new(-5.27973366, 2.74390793, -4.29860687),
Vector3.new(-5.79739952, 3.42235756, -4.54973602),
Vector3.new(-6.26341438, 4.37518692, -4.54895782),
Vector3.new(-6.46850014, 5.10429955, -4.55739594),
Vector3.new(-6.60002327, 5.91478348, -4.61266327),
Vector3.new(-6.58822441, 6.78693199, -4.57062531),
Vector3.new(-6.45709038, 7.59500694, -4.48748779),
Vector3.new(-6.45383644, 7.61506081, -5.09939957),
Vector3.new(-5.70079613, 9.34219933, -5.11810303),
Vector3.new(-5.69563484, 9.34849739, -3.85574722),
Vector3.new(-6.44591713, 7.66387367, -3.82401276),
Vector3.new(-6.44932747, 7.64283943, -4.42310333),
Vector3.new(-6.46064568, 7.57309151, -2.27005005),
Vector3.new(-5.68718529, 9.35880089, -2.28467941),
Vector3.new(-5.70548439, 9.33648109, -1.00047302),
Vector3.new(-6.45628929, 7.59995461, -0.977184296),
Vector3.new(-6.47409248, 7.49024773, -2.23278046),
Vector3.new(-6.46621895, 7.53876305, 0.563644409),
Vector3.new(-5.70127296, 9.34161568, 0.497936249),
Vector3.new(-5.67711067, 9.37109566, 1.84513855),
Vector3.new(-6.44943428, 7.64218712, 1.84971237),
Vector3.new(-6.47935677, 7.45778847, 0.698352814),
Vector3.new(-6.44714546, 7.65628624, -6.70304871),
Vector3.new(-5.70279503, 9.33976173, -6.61455154),
Vector3.new(-5.70667458, 9.33503151, -7.92913437),
Vector3.new(-6.43665886, 7.72091866, -7.9270668),
Vector3.new(-6.54518318, 7.58264732, -6.70545197),
Vector3.new(-6.451437, 7.63015938, -10.7673683),
Vector3.new(-5.73320961, 9.30272484, -10.8320732),
Vector3.new(-5.73610497, 9.29919243, -9.44033051),
Vector3.new(-6.45257378, 7.62315559, -9.4647789),
Vector3.new(-6.45328331, 7.61878777, -13.5962029),
Vector3.new(-5.70925331, 9.33194542, -13.5885525),
Vector3.new(-5.7287159, 9.30820656, -12.2737579),
Vector3.new(-6.45302391, 7.62038612, -12.3042107),
Vector3.new(-6.45259666, 7.62300682, -16.3755627),
Vector3.new(-5.68896294, 9.35669518, -16.4321918),
Vector3.new(-5.6825428, 9.36452675, -15.1627541),
Vector3.new(-6.44908714, 7.64463615, -15.1239624),
Vector3.new(-6.45407295, 7.61392403, -19.1938381),
Vector3.new(-5.69889259, 9.34458351, -19.2378235),
Vector3.new(-5.71860695, 9.32053566, -17.9667568),
Vector3.new(-6.45343208, 7.61786461, -17.9943295),
Vector3.new(-6.46001244, 7.57761574, -19.8878403),
Vector3.new(-5.77264977, 9.2547245, -19.9580326),
Vector3.new(-4.65091896, 10.4375134, -19.9779263),
Vector3.new(-4.70921898, 10.389719, -23.1524944),
Vector3.new(-5.75461769, 9.27672005, -23.3250122),
Vector3.new(-6.3917675, 7.99162483, -23.3301125),
Vector3.new(-6.66168404, 6.33486366, -23.3038292),
Vector3.new(-6.16973686, 4.18353462, -23.2857456),
Vector3.new(-4.95544243, 2.44126701, -23.2423573),
Vector3.new(-4.80135536, 2.31486511, -20.168108),
Vector3.new(-5.45194817, 2.98321342, -19.9055424),
Vector3.new(-5.89169121, 3.6150341, -19.9404106),
Vector3.new(-6.38249016, 4.618536, -19.9358063),
Vector3.new(-6.65840721, 6.35505867, -19.9143353),
Vector3.new(-6.46684074, 7.535532, -19.9704227),
Vector3.new(-4.50150108, 10.5599575, -19.9477654),
Vector3.new(-3.48107719, 11.1230259, -19.8453064),
Vector3.new(-2.5729351, 11.4126682, -19.8636436),
Vector3.new(-0.754463196, 11.5073643, -19.6827869),
Vector3.new(0.47092247, 11.2532635, -19.6531811),
Vector3.new(1.60527039, 10.6849117, -19.6203098),
Vector3.new(2.61533737, 9.75900841, -19.6777267),
Vector3.new(3.23137474, 8.84335518, -19.6239929),
Vector3.new(3.70439148, 7.65043831, -19.6115494),
Vector3.new(3.90002441, 6.44489479, -19.519062),
Vector3.new(3.75805855, 5.30927658, -19.5171852),
Vector3.new(3.31996727, 3.96678543, -19.5079727),
Vector3.new(2.71117592, 2.98683357, -19.5021324),
Vector3.new(1.61676216, 1.95351219, -19.5098782),
Vector3.new(0.449964523, 1.36545944, -19.6253471),
Vector3.new(-0.943277359, 1.09099007, -19.5878887),
Vector3.new(-2.49504662, 1.20370483, -19.6070652),
Vector3.new(-3.46096992, 1.49614143, -19.717907),
Vector3.new(-4.29877281, 1.90589523, -19.6646347),
Vector3.new(-5.08039665, 2.54362297, -19.7774887),
Vector3.new(-4.99823189, 2.47650337, -29.2288513),
Vector3.new(-4.6629467, 2.40529442, -31.2874813),
Vector3.new(-4.1315136, 2.46420097, -33.4022446),
Vector3.new(-3.59666634, 2.35469246, -35.1540451),
Vector3.new(-3.03053856, 2.4732914, -37.5314369),
Vector3.new(-2.59045601, 2.3649044, -38.9068756),
Vector3.new(-2.10209084, 2.52761269, -40.2233124),
Vector3.new(-1.66037941, 2.81556702, -41.2891731),
Vector3.new(-0.983442307, 2.838974, -41.5217781),
Vector3.new(-0.401702881, 2.62039757, -40.692337),
Vector3.new(-0.114868164, 2.50838661, -39.716259),
Vector3.new(0.332113266, 2.37563133, -37.7519493),
Vector3.new(1.09513283, 2.4162159, -34.9948349),
Vector3.new(1.67594337, 2.43312263, -32.8649254),
Vector3.new(2.19306755, 2.42593765, -30.6848526),
Vector3.new(2.29230499, 2.50729752, -28.3327713),
Vector3.new(1.94831657, 2.22536469, -24.4081936),
Vector3.new(2.10661888, 2.35505295, -7.75978851),
Vector3.new(2.63925934, 2.06755447, -6.88172531),
Vector3.new(3.24349785, 1.94734764, -5.28208542),
Vector3.new(3.6289463, 1.97132111, -3.69484329),
Vector3.new(36.8690414, 3.15581703, 4.62045288),
Vector3.new(38.4716568, 9.16401863, 9.63566208),
Vector3.new(38.4684601, 9.1801548, 11.3575783),
Vector3.new(36.9875221, 3.13136673, 10.0817986),
Vector3.new(2.68517876, 1.89515114, 8.96319199),
Vector3.new(2.86983681, 1.50567818, 8.08381653),
Vector3.new(3.21543694, 1.51849747, 7.0779953),
Vector3.new(3.43574524, 1.52619171, 6.06819153),
Vector3.new(3.63675499, 1.47080231, 4.9793396),
Vector3.new(3.81677628, 1.53949547, 3.93852234),
Vector3.new(3.87567139, 1.54155159, 2.83291245),
Vector3.new(3.96317101, 1.52044106, 1.40751648),
Vector3.new(3.9296875, 1.48676872, 0.252361298),
Vector3.new(3.86692238, 1.54124451, -1.02813339),
Vector3.new(3.76751137, 1.52470589, -2.1740036),
Vector3.new(3.60085487, 1.5319519, -3.26173019),
Vector3.new(3.46180534, 1.7479744, -4.14559937),
Vector3.new(3.13798904, 1.21128082, -5.00184631),
Vector3.new(2.82424164, 1.24359322, -5.99049759),
Vector3.new(2.42539597, 1.1015377, -6.83880997),
Vector3.new(1.88598824, 1.21193314, -7.96753693),
Vector3.new(1.2830143, 1.29797363, -8.76682281),
Vector3.new(0.521612167, 1.40050316, -9.63098145),
Vector3.new(0.829748154, 1.55123329, -20.1442184),
Vector3.new(0.739521027, 1.50710297, -24.6736488),
Vector3.new(0.952884674, 1.61144829, -28.4914093),
Vector3.new(0.672863007, 1.6274395, -30.6043415),
Vector3.new(0.390476227, 1.71730232, -32.9541168),
Vector3.new(-0.242767334, 1.72618675, -35.4456024),
Vector3.new(-0.335138321, 1.79130745, -36.7293892),
Vector3.new(-0.522436142, 1.86972237, -38.5591812),
Vector3.new(-0.68860054, 2.13307381, -40.3318634),
Vector3.new(-0.965415955, 2.59003258, -41.2799873),
Vector3.new(-1.5245266, 2.40807915, -40.82938),
Vector3.new(-2.01682854, 2.02000809, -39.3371353),
Vector3.new(-2.39958382, 1.75024986, -37.2138863),
Vector3.new(-2.85706902, 1.66701126, -34.3061676),
Vector3.new(-3.24669456, 1.54150391, -31.0422211),
Vector3.new(-3.35962105, 1.44674683, -28.9978218),
Vector3.new(-3.30105019, 1.41792488, -22.8072205),
Vector3.new(-3.18330956, 1.36036682, -9.14183426),
Vector3.new(-3.87732506, 1.32409477, -8.12481308),
Vector3.new(-4.34300041, 1.3127079, -7.30217743),
Vector3.new(-4.6990757, 1.28938293, -6.50024033),
Vector3.new(-5.11919975, 1.19203568, -5.21240997),
Vector3.new(-5.40463066, 1.15663719, -3.84441757),
Vector3.new(-5.70144081, 1.17259598, -2.3440094),
Vector3.new(-5.91052437, 1.22039223, 0.474899292),
Vector3.new(-5.81735039, 1.30749321, 3.2024498),
Vector3.new(-5.60938835, 1.20880699, 4.9348526),
Vector3.new(-4.62864876, 1.3055439, 8.71799088),
Vector3.new(-4.04782677, 1.78304482, 10.1138878),
Vector3.new(-4.01841927, 2.07678032, 12.2653351),
Vector3.new(-5.06743813, 2.72286415, 15.0848045),
Vector3.new(-4.6064167, 3.63469505, 17.8436775),
Vector3.new(-1.66708946, 8.83170891, 35.0533485),
Vector3.new(-4.69557381, 6.1515255, 35.0534019),
Vector3.new(-4.72186089, 6.15509224, 30.0866508),
Vector3.new(-3.88920403, 7.08834267, 26.1324883),
Vector3.new(-1.99970055, 9.09306145, 34.743557),
Vector3.new(-0.482027054, 8.92246056, 35.0528297),
Vector3.new(2.1229763, 6.19215584, 35.052639),
Vector3.new(2.23197174, 6.12590981, 30.1621971),
Vector3.new(1.32744598, 7.10791397, 25.8881798),
Vector3.new(-0.524053574, 9.14437675, 34.5552635),
Vector3.new(2.286026, 6.33431053, 34.528614),
Vector3.new(2.28885269, 6.33148193, 33.6483803),
Vector3.new(-0.14604187, 8.76636696, 33.7076225),
Vector3.new(0.0612182617, 8.55910301, 32.6370811),
Vector3.new(2.2861557, 6.33417702, 32.7159767),
Vector3.new(2.30235863, 6.31797218, 31.7710609),
Vector3.new(0.282476425, 8.33784676, 31.8163033),
Vector3.new(0.466421127, 8.15390205, 30.7364845),
Vector3.new(2.28462791, 6.3357029, 30.8453407),
Vector3.new(2.19936943, 6.42095757, 29.6294746),
Vector3.new(0.619970322, 8.00035286, 30.0613747),
Vector3.new(0.786109924, 7.83421135, 29.2139473),
Vector3.new(2.06222343, 6.55810547, 29.0646324),
Vector3.new(1.87969208, 6.74063301, 28.2565422),
Vector3.new(0.953170776, 7.66715431, 28.4894295),
Vector3.new(1.13633156, 7.48399544, 27.6981544),
Vector3.new(1.72918129, 6.8911438, 27.6022835),
Vector3.new(1.40507698, 7.2152462, 26.4360085),
Vector3.new(1.08145905, 7.53886986, 35.0137749),
Vector3.new(1.78255653, 6.83777809, 34.9894066),
Vector3.new(1.51613617, 7.10418892, 28.0460472),
Vector3.new(1.12212372, 7.49819756, 28.9360466),
Vector3.new(0.351949692, 8.2683773, 34.9739418),
Vector3.new(-2.43915749, 8.65360451, 34.9937477),
Vector3.new(-2.39889336, 8.69386864, 33.7836723),
Vector3.new(-4.72901344, 6.36374092, 33.6813698),
Vector3.new(-4.76857948, 6.32417488, 32.4867973),
Vector3.new(-2.68418312, 8.40857887, 32.3894539),
Vector3.new(-2.87866783, 8.21409416, 31.5076103),
Vector3.new(-4.74752998, 6.34522629, 31.4456596),
Vector3.new(-4.75757027, 6.33518982, 30.5743217),
Vector3.new(-3.1087513, 7.9840107, 30.5092735),
Vector3.new(-3.27265358, 7.82011223, 29.6770287),
Vector3.new(-4.57306862, 6.51968956, 29.5093956),
Vector3.new(-4.35450554, 6.73825645, 28.4294701),
Vector3.new(-3.49565315, 7.59710884, 28.7453804),
Vector3.new(-3.74167442, 7.35108948, 27.5296288),
Vector3.new(-4.17759895, 6.91516113, 27.6538429),
Vector3.new(-3.94831657, 7.14444542, 26.7409706),
Vector3.new(-3.55956841, 7.53318977, 35.0029335),
Vector3.new(-2.94905663, 8.14370155, 34.9973335),
Vector3.new(-3.84903145, 7.24373245, 27.3704033),
Vector3.new(-4.25610542, 6.83664703, 35.0198326),
Vector3.new(-1.39253044, 9.73749352, 34.7580833),
Vector3.new(-1.71056557, 10.4037838, 33.9330254),
Vector3.new(-0.855981827, 10.7624378, 34.1189919),
Vector3.new(-0.666622162, 12.6818333, 24.5720253),
Vector3.new(-0.666622162, 13.7549381, 25.3123436),
Vector3.new(-0.666624069, 11.7469501, 34.4070396),
Vector3.new(-0.666622162, 13.0125828, 35.0580254),
Vector3.new(-0.666622162, 16.1201878, 26.9636955),
Vector3.new(-0.666622162, 17.8820057, 28.1750374),
Vector3.new(-0.666622162, 15.2245579, 36.1932411),
Vector3.new(-0.666624069, 16.729353, 36.9684486),
Vector3.new(-0.666622162, 19.3864307, 29.2399178),
Vector3.new(-0.666622162, 12.6462765, 24.4648781),
Vector3.new(-0.666620255, 11.9342136, 17.7892494),
Vector3.new(-1.89864159, 12.080637, 19.3113365),
Vector3.new(-0.846616745, 12.1745853, 20.5138741),
Vector3.new(-1.876791, 12.2631588, 21.6477013),
Vector3.new(-0.863355637, 12.3505268, 22.7659416),
Vector3.new(-1.89431953, 12.6320477, 23.8366966),
Vector3.new(-0.886184692, 13.2882175, 24.908474),
Vector3.new(-1.88395119, 13.942976, 25.3722649),
Vector3.new(-0.845966339, 14.9065075, 26.0547676),
Vector3.new(-1.87042427, 15.868845, 26.7364235),
Vector3.new(-0.829519272, 16.9921207, 27.5320778),
Vector3.new(-1.88154411, 17.799902, 28.1042519),
Vector3.new(-0.86507225, 18.9668865, 28.9308662),
Vector3.new(-1.87596703, 19.5128689, 29.3176079),
Vector3.new(-0.687366486, 19.8818264, 29.5789528),
Vector3.new(-0.687810898, 21.1128597, 30.4509315),
Vector3.new(-1.88369942, 20.3188877, 29.8885384),
Vector3.new(-2.33410835, 19.7601795, 32.1975822),
Vector3.new(-16.3884411, 19.7601757, 38.3968697),
Vector3.new(-16.4167995, 19.7601757, 38.9935722),
Vector3.new(-2.29118919, 19.7601795, 34.6508369),
Vector3.new(-2.24422264, 19.7601795, 37.1124382),
Vector3.new(-16.4505863, 19.7601757, 39.7209129),
Vector3.new(-15.6325245, 19.7601757, 40.0382805),
Vector3.new(-15.3050251, 19.7601757, 37.4582176),
Vector3.new(-14.0453815, 19.7601757, 36.8532677),
Vector3.new(-13.9370327, 19.7601757, 39.8097725),
Vector3.new(-12.7865925, 19.7601757, 39.6362038),
Vector3.new(-12.2978649, 19.7601757, 35.9972954),
Vector3.new(-10.9332905, 19.7601757, 35.3521996),
Vector3.new(-10.8857327, 19.7601795, 39.4461632),
Vector3.new(-8.56165504, 19.7601795, 39.1985207),
Vector3.new(-9.05781364, 19.7601795, 34.4622307),
Vector3.new(-7.22996712, 19.7601795, 33.5895119),
Vector3.new(-6.20867729, 19.7601795, 38.8630104),
Vector3.new(-4.51511955, 19.7601795, 38.6841545),
Vector3.new(-5.2477932, 19.7601795, 32.6526985),
Vector3.new(-3.5724659, 19.7601795, 31.8544655),
Vector3.new(-3.0756855, 19.7601795, 38.530468),
Vector3.new(-0.463289261, 19.7601795, 37.8911324),
Vector3.new(13.8051472, 19.7601833, 39.831707),
Vector3.new(13.8363113, 19.7601833, 38.8526268),
Vector3.new(-0.484178543, 19.7601795, 35.885067),
Vector3.new(-0.419500351, 19.7601871, 33.4743309),
Vector3.new(13.6870708, 19.7601871, 38.3560905),
Vector3.new(12.3258724, 19.7601871, 37.3660164),
Vector3.new(11.7231846, 19.7601833, 39.8091393),
Vector3.new(10.0166931, 19.7601833, 39.6168633),
Vector3.new(10.8624134, 19.7601871, 36.6101341),
Vector3.new(9.3370533, 19.7601871, 35.8804741),
Vector3.new(8.21289825, 19.7601833, 39.4926033),
Vector3.new(6.67346382, 19.7601795, 39.3014565),
Vector3.new(8.00457573, 19.7601871, 35.2858467),
Vector3.new(6.3371315, 19.7601871, 34.4211388),
Vector3.new(4.70559502, 19.7601795, 39.0336723),
Vector3.new(3.21940613, 19.7601795, 38.8875694),
Vector3.new(4.76714325, 19.760191, 33.6762733),
Vector3.new(2.3474865, 19.7601871, 32.4833794),
Vector3.new(0.646242142, 19.7601757, 38.5666695),
Vector3.new(0.125593185, 19.7601871, 31.428875),
Vector3.new(-0.666622162, 21.0725651, 30.9979591),
Vector3.new(-0.666622162, 21.1278858, 40.3456001),
Vector3.new(-0.666622162, 19.4270115, 40.3087273),
Vector3.new(-0.666620255, 19.4490376, 29.834301),
Vector3.new(-2.07810402, 19.7833729, 29.809597),
Vector3.new(-2.07810402, 18.9279804, 30.1371498),
Vector3.new(-2.07810402, 18.35779, 34.9125481),
Vector3.new(-2.07810783, 17.0001965, 34.6591148),
Vector3.new(-2.07810402, 18.0616131, 28.5164528),
Vector3.new(-2.07810402, 16.9899731, 27.7537193),
Vector3.new(-2.07810783, 15.2205868, 34.2631493),
Vector3.new(-2.07810402, 14.8391666, 36.0426445),
Vector3.new(-2.07810402, 16.3275623, 36.9120827),
Vector3.new(-2.07810402, 17.0253506, 35.2282753),
Vector3.new(-2.07810783, 18.413187, 35.4776039),
Vector3.new(-2.07810402, 17.8651295, 37.5678368),
Vector3.new(-2.07810402, 19.3266315, 38.1296501),
Vector3.new(-2.12887001, 19.4073086, 35.8438988),
Vector3.new(-2.07810783, 10.3874607, 33.3893852),
Vector3.new(-2.13369942, 11.801321, 34.5144539),
Vector3.new(-2.24681664, 13.5618191, 34.2925606),
Vector3.new(-2.2032795, 14.1910801, 36.0974007),
Vector3.new(-2.25162697, 14.8104687, 34.5252113),
Vector3.new(-2.07810783, 15.960146, 36.5189629),
Vector3.new(-2.07810783, 16.4777737, 35.2892189),
Vector3.new(-2.07810402, 17.2837543, 37.3668785),
Vector3.new(-2.07810402, 17.6526699, 35.5909691),
Vector3.new(-2.07810402, 19.039465, 37.6080971),
Vector3.new(-2.07810402, 19.2536335, 32.7427711),
Vector3.new(-2.07810783, 10.49016, 30.2986641),
Vector3.new(-2.07810783, 10.2595348, 32.001461),
Vector3.new(-2.07810402, 18.986269, 33.9097099),
Vector3.new(-2.07810402, 19.2464924, 31.6277275),
Vector3.new(-2.07810783, 10.8740253, 27.808773),
Vector3.new(-2.07810783, 11.1851749, 24.9505043),
Vector3.new(-2.07810402, 19.0811138, 29.6495018),
Vector3.new(-2.07810402, 16.404871, 27.3162117),
Vector3.new(-2.07810783, 12.9438381, 35.098568),
Vector3.new(-2.15505028, 11.4899731, 34.0730171),
Vector3.new(-2.07810402, 14.7031078, 26.1035118),
Vector3.new(-2.07810783, 13.212328, 25.0505486),
Vector3.new(-2.07810783, 10.1489811, 32.9276924),
Vector3.new(-2.38986015, 9.76745415, 31.9948921),
Vector3.new(-2.76323509, 9.96325111, 29.3522911),
Vector3.new(-3.10386467, 9.92295265, 27.6370201),
Vector3.new(-3.48641777, 10.0479641, 25.1696281),
Vector3.new(-4.37479591, 10.4595509, 18.9958916),
Vector3.new(-4.30481529, 10.6819515, 16.269207),
Vector3.new(-4.26862144, 10.6509304, 11.7541695),
Vector3.new(-4.75857353, 10.3492107, -24.2118587),
Vector3.new(-4.17304039, 10.7532024, -27.5407715),
Vector3.new(-3.95877266, 10.3144245, -28.5572376),
Vector3.new(-5.19505501, 9.95878792, -27.3824501),
Vector3.new(-5.59226036, 9.47460365, -25.3559647),
Vector3.new(-6.46515465, 7.54493523, -25.9791451),
Vector3.new(-6.45840263, 7.35672951, -28.2997131),
Vector3.new(-5.66497231, 7.5784893, -30.5327721),
Vector3.new(-4.34518623, 7.87563896, -31.9835892),
Vector3.new(-4.37748909, 6.71405411, -33.4893074),
Vector3.new(-4.01977348, 6.17819977, -34.6427841),
Vector3.new(-3.66089821, 5.57681084, -35.8848572),
Vector3.new(-3.09647942, 4.95656776, -37.4052429),
Vector3.new(-2.64433861, 4.35556602, -38.7617073),
Vector3.new(-2.26358223, 4.02811623, -39.6663666),
Vector3.new(-1.50847816, 3.62447929, -41.0218201),
Vector3.new(-0.64222908, 3.73118401, -40.6030159),
Vector3.new(-0.410987854, 4.0708313, -39.8663406),
Vector3.new(0.0527992249, 4.3669529, -38.9010544),
Vector3.new(0.429023743, 4.77218437, -37.8985176),
Vector3.new(0.729463577, 5.24128532, -36.9043999),
Vector3.new(0.980066299, 5.6266613, -36.083046),
Vector3.new(1.19683838, 6.15354347, -35.1151543),
Vector3.new(1.35189247, 6.71359062, -34.1791916),
Vector3.new(1.65012169, 7.38836098, -32.9142303),
Vector3.new(1.12494469, 10.264349, -28.7169571),
Vector3.new(1.11365891, 10.9071407, -27.714941),
Vector3.new(1.09623337, 10.9476414, -26.7115746),
Vector3.new(1.05012131, 10.9699879, -24.0808983),
Vector3.new(1.51024818, 10.7450047, 0.65063858),
Vector3.new(1.42494392, 10.786726, 5.66997147),
Vector3.new(1.47989845, 10.6354771, 13.2712212),
Vector3.new(1.47908974, 10.623148, 18.1338577),
Vector3.new(1.38415337, 10.6071072, 18.8185616),
Vector3.new(1.35385895, 10.5009556, 19.5612297),
Vector3.new(1.30125427, 10.3920689, 20.4329185),
Vector3.new(1.23894501, 10.3204556, 21.1477089),
Vector3.new(1.13614082, 10.252615, 22.0483208),
Vector3.new(1.09088707, 10.1247921, 22.9873619),
Vector3.new(0.974494934, 9.99051094, 24.3253899),
Vector3.new(0.794517517, 9.81157112, 26.1643639),
Vector3.new(0.717601776, 9.59951973, 27.2595787),
Vector3.new(0.62112236, 9.33353996, 28.6333656),
Vector3.new(0.410493851, 9.23956108, 29.8573875),
Vector3.new(0.212182999, 9.25735664, 30.8229256),
Vector3.new(-0.286956787, 9.56526375, 32.818821),
Vector3.new(-0.666624069, 10.3680058, 33.0451164),
Vector3.new(-0.666622162, 19.0201931, 37.2365837),
Vector3.new(-0.666620255, 19.2394428, 35.0974083),
Vector3.new(-0.666625977, 10.4121799, 31.7364159),
Vector3.new(-0.666624069, 10.6806316, 29.899868),
Vector3.new(-0.655338287, 19.2928905, 32.7577019),
Vector3.new(-0.666622162, 19.2259121, 30.4921761),
Vector3.new(-0.666624069, 10.825449, 28.5183754),
Vector3.new(-0.666622162, 18.9726086, 29.6607704),
Vector3.new(-0.666624069, 11.184206, 25.8437843),
Vector3.new(-0.666622162, 11.6629009, 18.4036064),
Vector3.new(-0.666624069, 12.1559315, 26.0714455),
Vector3.new(-2.07810783, 11.7575245, 27.9115639),
Vector3.new(-2.07810402, 11.5799313, 18.3811378),
Vector3.new(-2.21516609, 11.9624043, 20.6314049),
Vector3.new(-2.07810783, 11.3065968, 21.4265022),
Vector3.new(-2.07810783, 11.2324886, 22.9223366),
Vector3.new(-2.07810783, 12.2129421, 24.1012535),
Vector3.new(-2.44177818, 10.8766499, 24.1990471),
Vector3.new(-3.50499916, 10.3248692, 24.1893349),
Vector3.new(-3.89334679, 9.63887215, 24.267231),
Vector3.new(-4.18626976, 8.56311226, 24.3640556),
Vector3.new(-4.17479515, 7.53661537, 24.4183617),
Vector3.new(-4.17434502, 6.82759666, 24.4204826),
Vector3.new(-3.86590004, 6.18735123, 24.3883171),
Vector3.new(-3.25232506, 5.63735771, 24.3812065),
Vector3.new(-2.28615379, 5.63318634, 24.4027519),
Vector3.new(-1.46650696, 5.60867882, 24.3250084),
Vector3.new(-0.665693283, 5.61682892, 24.350872),
Vector3.new(0.0153141022, 5.59535599, 24.2827644),
Vector3.new(0.950222015, 5.75892067, 24.2639275),
Vector3.new(1.35742188, 6.1992054, 24.2241631),
Vector3.new(1.64532089, 6.79781532, 24.131588),
Vector3.new(1.68271255, 7.68571663, 23.9419518),
Vector3.new(1.70923615, 8.30423927, 23.8074455),
Vector3.new(1.7189827, 8.8490696, 23.758007),
Vector3.new(1.38702774, 9.60229301, 23.6191063),
Vector3.new(0.595197678, 10.4871464, 23.5106544),
Vector3.new(-0.403348923, 11.0205631, 23.3877296),
Vector3.new(-0.666622162, 11.6062603, 23.2687035),
Vector3.new(-0.666622162, 12.2322102, 23.250103),
Vector3.new(-1.69342995, 12.3206043, 22.3829689),
Vector3.new(-2.28296852, 11.0751858, 22.38274),
Vector3.new(-2.940588, 10.8729725, 22.4136238),
Vector3.new(-3.61082268, 10.5764637, 22.3622551),
Vector3.new(-4.06688881, 9.92360497, 22.4234886),
Vector3.new(-4.4186306, 9.32638359, 22.4174309),
Vector3.new(-4.588274, 8.51127434, 22.4612083),
Vector3.new(-4.60497093, 7.73137474, 22.3821678),
Vector3.new(-4.5892086, 6.65647316, 22.4567757),
Vector3.new(-4.38451195, 5.84164619, 22.5751152),
Vector3.new(-3.94588661, 5.30957031, 22.529232),
Vector3.new(-3.23935509, 4.99871445, 22.3899422),
Vector3.new(-2.31706047, 4.96847343, 22.2940178),
Vector3.new(-1.35302925, 4.92660332, 22.16119),
Vector3.new(-0.359016418, 4.9239006, 22.1526299),
Vector3.new(0.354869843, 4.92351151, 22.1514015),
Vector3.new(1.1498661, 4.91680908, 22.130146),
Vector3.new(1.53550148, 5.23620987, 21.9303322),
Vector3.new(1.93788719, 5.62422371, 21.7700691),
Vector3.new(2.14261055, 7.12168694, 21.6096077),
Vector3.new(2.15739441, 7.9661808, 21.534626),
Vector3.new(2.14422035, 8.74092293, 21.6014366),
Vector3.new(1.92757607, 9.344347, 21.5113411),
Vector3.new(1.50670052, 10.0175991, 21.4584389),
Vector3.new(0.774950027, 10.7145176, 21.3335533),
Vector3.new(0.216444016, 11.1400127, 21.1897621),
Vector3.new(-0.508293152, 11.1445637, 21.1060219),
Vector3.new(-1.02072525, 12.2300892, 21.2243614),
Vector3.new(-1.80443001, 12.2179127, 21.0685234),
Vector3.new(-2.56452751, 11.1218586, 21.3964348),
Vector3.new(-3.27420235, 10.854353, 21.3747139),
Vector3.new(-4.17486763, 10.1059208, 21.2599373),
Vector3.new(-4.49729347, 9.56756783, 21.2254982),
Vector3.new(-4.86546135, 8.73508644, 21.1322136),
Vector3.new(-4.86857796, 7.68457603, 21.1055336),
Vector3.new(-4.862257, 6.89425278, 21.1595879),
Vector3.new(-4.85846901, 6.18028641, 21.1822319),
Vector3.new(-4.76268959, 5.56102943, 21.1982536),
Vector3.new(-4.34122276, 5.04554176, 21.1460686),
Vector3.new(-3.66087151, 4.58323479, 21.0718651),
Vector3.new(-2.83006096, 4.55898285, 20.9949303),
Vector3.new(-1.82863426, 4.51551056, 20.857029),
Vector3.new(-0.94947052, 4.46329498, 20.6913948),
Vector3.new(-0.10880661, 4.43715096, 20.6084633),
Vector3.new(0.54486084, 4.41348267, 20.5333824),
Vector3.new(1.33470726, 4.38775444, 20.4517708),
Vector3.new(1.75007439, 4.70075035, 20.3905754),
Vector3.new(2.25958824, 5.24379539, 20.2839394),
Vector3.new(2.35545158, 6.35144806, 20.09058),
Vector3.new(2.35966682, 7.05631256, 20.054493),
Vector3.new(2.4420414, 7.75850868, 20.0091972),
Vector3.new(3.03193283, 8.09908104, 20.0513802),
Vector3.new(5.20771408, 9.35526848, 20.2070961),
Vector3.new(4.66252136, 9.44796181, 20.1069832),
Vector3.new(2.35002899, 8.29310036, 20.1164742),
Vector3.new(2.2829113, 9.12280846, 20.0725288),
Vector3.new(2.02251816, 9.61964226, 20.1161232),
Vector3.new(1.64653206, 10.1388531, 20.0729332),
Vector3.new(1.09335518, 10.6918049, 20.0909538),
Vector3.new(0.50903511, 11.1865406, 20.0675545),
Vector3.new(-0.516012192, 11.202467, 20.0405464),
Vector3.new(-0.940526962, 12.1233273, 19.8577843),
Vector3.new(-1.82341194, 12.1329594, 19.9811211),
Vector3.new(-2.26521492, 11.1911221, 20.2494011),
Vector3.new(-2.99342918, 11.0640965, 20.3855553),
Vector3.new(-3.69848442, 10.8138866, 20.2146111),
Vector3.new(-4.51416969, 9.82243538, 20.3244286),
Vector3.new(-4.90599251, 9.10156059, 20.3154106),
Vector3.new(-4.9647541, 8.11524391, 20.2826958),
Vector3.new(-7.61397743, 9.59791374, 20.2721748),
Vector3.new(-7.41221046, 9.07396507, 20.2262993),
Vector3.new(-4.96833611, 7.56577492, 20.2520561),
Vector3.new(-4.99856377, 6.72565651, 19.9933968),
Vector3.new(-4.99313927, 5.43884087, 19.8427086),
Vector3.new(-4.6625576, 4.68862724, 19.7491951),
Vector3.new(-3.90152931, 4.2049942, 19.8719215),
Vector3.new(-2.45573616, 4.100317, 19.5398674),
Vector3.new(-1.0699749, 4.0507679, 19.3826866),
Vector3.new(0.400787354, 3.9883976, 19.1848412),
Vector3.new(1.67730904, 4.05380821, 19.269413),
Vector3.new(2.0842495, 4.48314095, 19.1999016),
Vector3.new(2.46915436, 4.98496628, 19.117794),
Vector3.new(2.51246834, 6.11246872, 18.7472267),
Vector3.new(2.55326843, 7.8227253, 18.557209),
Vector3.new(5.11013031, 9.5309124, 19.0261803),
Vector3.new(2.49842072, 8.35236168, 18.7362709),
Vector3.new(2.36162758, 9.29371452, 18.6868973),
Vector3.new(1.91010094, 10.1627522, 18.5950356),
Vector3.new(0.861753464, 11.0137959, 18.5848389),
Vector3.new(0.0962924957, 11.2401791, 18.6342278),
Vector3.new(-0.516622543, 11.3289547, 18.8197517),
Vector3.new(-2.48577309, 11.2505245, 19.1563835),
Vector3.new(-3.53339577, 10.998167, 19.0476875),
Vector3.new(-4.71508598, 9.79986382, 19.0319176),
Vector3.new(-5.11099815, 8.33400917, 19.031498),
Vector3.new(-7.6757679, 9.63358879, 19.1391945),
Vector3.new(-5.09075356, 7.72952461, 19.2046852),
Vector3.new(-7.87187004, 9.33934975, 18.6154556),
Vector3.new(-8.43122292, 9.76514626, 18.8215446),
Vector3.new(-9.08894157, 10.7711391, 18.8215446),
Vector3.new(-9.85663033, 10.9176426, 18.8215446),
Vector3.new(-10.5933743, 10.7621746, 18.8215446),
Vector3.new(-11.2624798, 9.88092232, 18.8215446),
Vector3.new(-11.2125416, 8.44518852, 18.8215446),
Vector3.new(-10.5797634, 7.73007393, 18.8215446),
Vector3.new(-9.85286903, 7.51928902, 18.8215446),
Vector3.new(-9.17916679, 7.67278862, 18.8215446),
Vector3.new(-8.51204109, 8.44568062, 18.8215446),
Vector3.new(-8.4048481, 9.6522541, 18.8215446),
Vector3.new(-5.1914196, 8.43667793, 18.3434219),
Vector3.new(5.66089439, 9.71183586, 18.8215446),
Vector3.new(6.29729652, 10.7536373, 18.8215446),
Vector3.new(7.16724205, 10.8743, 18.8215446),
Vector3.new(7.88336754, 10.7340031, 18.8215446),
Vector3.new(8.47784233, 9.90210533, 18.8215446),
Vector3.new(8.45379448, 8.29439354, 18.8215446),
Vector3.new(7.80249977, 7.67059135, 18.8215446),
Vector3.new(6.45817757, 7.59898567, 18.8215446),
Vector3.new(5.88315773, 8.3807354, 18.8215446),
Vector3.new(5.56582069, 9.42710686, 18.8215446),
Vector3.new(5.07855034, 9.55303001, 7.17681503),
Vector3.new(5.6306572, 11.0961781, 7.17681503),
Vector3.new(6.4635334, 11.6043835, 7.17681503),
Vector3.new(7.60188484, 11.5759869, 7.17681503),
Vector3.new(8.46525192, 11.1175365, 7.17681503),
Vector3.new(9.05513763, 10.0913334, 7.17681503),
Vector3.new(9.01210403, 8.78374672, 7.17681503),
Vector3.new(8.60351181, 7.80311775, 7.17681503),
Vector3.new(7.73904037, 7.30616379, 7.17681503),
Vector3.new(6.57246399, 7.19072533, 7.17681503),
Vector3.new(5.79280663, 7.83477211, 7.17681503),
Vector3.new(5.29375458, 9.04323387, 7.19384766),
Vector3.new(5.6779232, 7.76870155, 7.17681503),
Vector3.new(5.80584335, 8.3308506, 18.8215446),
Vector3.new(7.14209938, 7.56513786, 18.8215446),
Vector3.new(7.17020798, 7.14879799, 7.17681503),
Vector3.new(9.09003067, 8.75127602, 7.12319565),
Vector3.new(8.52505493, 9.15752983, 18.8215446),
Vector3.new(8.34037399, 10.4041882, 18.6809311),
Vector3.new(8.77532005, 10.6304379, 7.17681503),
Vector3.new(8.56755829, 7.90905952, 7.02681351),
Vector3.new(8.25651932, 8.32457924, 18.8215446),
Vector3.new(8.31947327, 10.4154301, 18.6962814),
Vector3.new(7.23294449, 10.9161282, 18.8215446),
Vector3.new(7.12994766, 11.616518, 7.17681503),
Vector3.new(5.89964104, 11.1912289, 7.02681351),
Vector3.new(5.87269974, 10.2886333, 18.8215446),
Vector3.new(2.66506004, 6.66651535, 17.3619003),
Vector3.new(-0.191907883, 5.82564926, 5.76465225),
Vector3.new(-1.54598808, 5.66423225, -23.5226345),
Vector3.new(-1.21843529, 3.91265297, -36.7029419),
Vector3.new(3.20860863, 5.36307526, -29.4506454),
Vector3.new(-0.192234039, 3.57851219, -40.251667),
Vector3.new(0.716566086, 4.1689949, -38.0041084),
Vector3.new(1.34663391, 4.47995186, -36.4593506),
Vector3.new(1.93408394, 4.92451286, -34.9370651),
Vector3.new(2.69204712, 5.19429398, -33.1340637),
Vector3.new(3.35910225, 5.53454971, -31.3322983),
Vector3.new(3.85591316, 5.91153526, -29.4489326),
Vector3.new(3.87130737, 6.00641441, -27.3563538),
Vector3.new(3.88001442, 6.06007195, -24.9344692),
Vector3.new(3.91258049, 6.26181602, -20.4034519),
Vector3.new(3.89570808, 6.15717888, 4.26076889),
Vector3.new(3.74298096, 6.24270439, 7.42165375),
Vector3.new(3.42462921, 6.14307213, 10.3799095),
Vector3.new(3.21277618, 6.27874756, 12.3283157),
Vector3.new(2.81773376, 6.39610863, 15.9750557),
Vector3.new(2.58981895, 6.74527359, 18.0508194),
Vector3.new(2.45698166, 7.16357613, 19.22192),
Vector3.new(2.26560402, 7.31079865, 20.8592644),
Vector3.new(1.89067078, 8.41317177, 22.8873024),
Vector3.new(1.03043365, 9.68591118, 25.2862663),
Vector3.new(1.96920586, 8.91137505, 22.4890175),
Vector3.new(-3.61385918, 6.21154404, 5.76465225),
Vector3.new(-3.23769188, 5.75355911, -23.5226345),
Vector3.new(-2.13610649, 4.05799484, -37.6162796),
Vector3.new(-2.5584507, 3.59441185, -39.3826065),
Vector3.new(-3.2191906, 3.91877937, -37.7307472),
Vector3.new(-3.83910942, 4.2122345, -36.180954),
Vector3.new(-4.69351387, 4.60326195, -34.0449295),
Vector3.new(-5.41620445, 5.01050568, -32.1520233),
Vector3.new(-5.93043709, 5.34405518, -30.2493668),
Vector3.new(-6.44069862, 5.81941032, -28.3613834),
Vector3.new(-6.6394825, 6.15854454, -27.016367),
Vector3.new(-6.63631248, 6.13900757, -25.4013596),
Vector3.new(-6.7471447, 6.04812241, -23.38167),
Vector3.new(-6.20316887, 8.71129417, -23.2290535),
Vector3.new(-5.29082298, 9.97851753, -23.3042564),
Vector3.new(-4.7599926, 10.348093, -22.5053024),
Vector3.new(-4.71839714, 10.3821964, -20.7587509),
Vector3.new(-5.26346016, 9.87583351, -19.9736576),
Vector3.new(-6.62338066, 6.05823326, -19.898407),
Vector3.new(-6.61932564, 6.03342438, -10.6869469),
Vector3.new(-6.59264946, 5.86933517, -2.2807579),
Vector3.new(-6.52788734, 5.67045784, 6.90906906),
Vector3.new(-6.18657112, 5.70666695, 9.82925797),
Vector3.new(-5.83561897, 5.73493004, 12.8318863),
Vector3.new(-5.52451515, 5.95650101, 15.4935722),
Vector3.new(-5.12003517, 6.57912827, 18.9541588),
Vector3.new(-4.73393822, 7.58931541, 21.7717094),
Vector3.new(-4.41203117, 8.30030632, 23.2954292),
Vector3.new(-3.79829979, 9.31546974, 25.8090401),
Vector3.new(-3.27834129, 9.76623344, 27.1907082),
Vector3.new(3.12590981, 6.50403786, 5.76465225),
Vector3.new(3.6972065, 7.69503593, 1.90254211),
Vector3.new(2.93087769, 9.3742466, 1.8260231),
Vector3.new(2.90982246, 9.39992714, 0.525939941),
Vector3.new(3.70477867, 7.64839745, 0.476318359),
Vector3.new(3.70854187, 7.62553215, 1.85141754),
Vector3.new(3.7061615, 7.64019966, -2.21273041),
Vector3.new(2.9302063, 9.37506294, -2.28308868),
Vector3.new(2.9160881, 9.39228249, -0.947879791),
Vector3.new(3.7044735, 7.65060616, -1.02700043),
Vector3.new(3.71050453, 7.61327171, -5.09156799),
Vector3.new(2.95191383, 9.34858131, -5.13219452),
Vector3.new(2.95755959, 9.34169579, -3.79374695),
Vector3.new(3.70357132, 7.65600395, -3.86706924),
Vector3.new(3.71095657, 7.61049461, -7.91186905),
Vector3.new(2.99415016, 9.29706383, -7.96644592),
Vector3.new(2.93473625, 9.36953545, -6.60993195),
Vector3.new(3.71069527, 7.61209679, -6.72974014),
Vector3.new(3.71361351, 7.59412193, -10.7290382),
Vector3.new(2.97073555, 9.3255558, -10.7172127),
Vector3.new(2.95284462, 9.34737968, -9.46112823),
Vector3.new(3.71135902, 7.60801506, -9.52536774),
Vector3.new(3.710783, 7.6115551, -13.5580044),
Vector3.new(2.97026253, 9.32613182, -13.5854053),
Vector3.new(2.95536041, 9.34430885, -12.3068237),
Vector3.new(3.70747566, 7.63194084, -12.2949181),
Vector3.new(3.71503258, 7.58485603, -16.4174538),
Vector3.new(2.95578003, 9.34379768, -16.4696312),
Vector3.new(2.92764473, 9.37811852, -15.1303406),
Vector3.new(3.71027184, 7.61470985, -15.2205124),
Vector3.new(3.74580193, 7.39526367, -19.1669331),
Vector3.new(2.96467018, 9.33295631, -19.1933784),
Vector3.new(2.95551109, 9.34412956, -17.9182816),
Vector3.new(3.7190361, 7.56070137, -18.0552559),
Vector3.new(3.67965508, 7.80381966, -25.3273125),
Vector3.new(2.884655, 9.5556736, -25.6285267),
Vector3.new(2.7668705, 9.57430077, 3.52485275),
Vector3.new(2.61890411, 9.69309807, 10.4190178),
Vector3.new(2.6068325, 9.75268745, 13.0141106),
Vector3.new(2.52448082, 9.88105965, 12.0700989),
Vector3.new(1.73806572, 10.4167194, 12.283596),
Vector3.new(1.09101486, 10.8538494, 12.2951546),
Vector3.new(0.362264633, 11.2827282, 12.2977371),
Vector3.new(-0.674505234, 11.3097515, 12.5319862),
Vector3.new(-1.8041172, 11.3359356, 12.728775),
Vector3.new(-2.97090721, 11.3359394, 12.7278633),
Vector3.new(-3.92718697, 10.8747921, 12.8405533),
Vector3.new(-4.66885948, 10.404974, 12.8953972),
Vector3.new(-5.65120125, 9.38585472, 12.966877),
Vector3.new(-6.38406944, 8.88782692, 12.9787292),
Vector3.new(-7.10109138, 9.30179787, 12.8733406),
Vector3.new(-7.39012337, 10.3251209, 12.7694664),
Vector3.new(-7.78642082, 11.6507435, 12.684494),
Vector3.new(-8.61219978, 11.9149799, 12.7047844),
Vector3.new(-9.82838249, 12.2834339, 12.5473518),
Vector3.new(-11.3668423, 11.7239704, 12.727993),
Vector3.new(-12.0675411, 10.8653927, 12.6738129),
Vector3.new(-12.4028339, 9.57306862, 12.5020103),
Vector3.new(-12.3519077, 8.57666588, 12.7135506),
Vector3.new(-11.8580303, 7.34553719, 12.8314819),
Vector3.new(-10.92486, 6.64176941, 12.7271614),
Vector3.new(-9.79777718, 6.36157036, 12.7456245),
Vector3.new(-8.84520912, 6.60450935, 12.9646797),
Vector3.new(-8.15815163, 7.04764366, 12.9951439),
Vector3.new(-7.5298481, 7.99566841, 12.9233093),
Vector3.new(-7.26993752, 8.93311119, 12.5286598),
Vector3.new(-8.40629768, 9.13617516, 18.8215446),
Vector3.new(-7.85618782, 9.20836067, 7.17681503),
Vector3.new(-7.98844337, 10.3445721, 7.17681503),
Vector3.new(-8.60775948, 11.1965122, 7.17681503),
Vector3.new(-9.82534599, 11.6877766, 7.17681503),
Vector3.new(-11.0672474, 11.322134, 7.17681503),
Vector3.new(-11.7869663, 10.1726475, 7.17681503),
Vector3.new(-11.8832111, 8.8013134, 7.17681503),
Vector3.new(-11.2795582, 7.82169914, 7.17681503),
Vector3.new(-9.86698723, 7.20625877, 7.17681503),
Vector3.new(-8.77369118, 7.5420208, 7.17681503),
Vector3.new(-7.87330818, 8.9815197, 7.17681503),
Vector3.new(-7.57855797, 9.46222115, 7.87272644),
Vector3.new(-6.18126488, 8.56579018, 7.88169861),
Vector3.new(-6.06805229, 8.73040962, 11.1418839),
Vector3.new(-7.29332542, 9.00532722, 9.80392075),
Vector3.new(-8.52217674, 7.3719635, 7.58263016),
Vector3.new(-7.61743736, 7.24357224, 10.9363403),
Vector3.new(-8.62988091, 7.93952751, 18.6070175),
Vector3.new(-11.2875042, 9.37705421, 18.9715462),
Vector3.new(-11.8392124, 10.0856495, 7.02681351),
Vector3.new(-11.544199, 10.8430347, 7.10759735),
Vector3.new(-10.4918232, 11.7641468, 7.41648865),
Vector3.new(-9.84113884, 11.7351665, 7.87232971),
Vector3.new(-8.13635063, 10.8569355, 7.19179916),
Vector3.new(-8.61838341, 10.3827839, 18.735775),
Vector3.new(-11.096796, 10.3523388, 18.8036842),
Vector3.new(-10.8348293, 7.50332832, 7.17681503),
Vector3.new(-9.32516289, 7.29225922, 8.67552185),
Vector3.new(-9.39014626, 7.03795433, 11.0593185),
Vector3.new(-9.99477577, 6.95764732, 15.0766754),
Vector3.new(-9.87541389, 7.48945427, 18.3229332),
Vector3.new(-8.51598167, 8.45002937, 18.9715462),
Vector3.new(-4.75196266, 7.75473976, 17.485775),
Vector3.new(-1.33293152, 6.24825287, 5.76465225),
Vector3.new(-0.84642601, 6.83812141, -23.5226345),
Vector3.new(-5.0473156, 9.59454536, -14.4833832),
Vector3.new(-6.18892479, 8.40622139, -14.3113499),
Vector3.new(-4.96596718, 10.1791401, -14.3069382),
Vector3.new(-4.24721718, 10.7482929, -14.1728249),
Vector3.new(-2.79527473, 11.3765774, -13.8209724),
Vector3.new(-1.25021935, 11.5878201, -13.7698841),
Vector3.new(-0.506959915, 11.467207, -13.6679573),
Vector3.new(0.553771973, 11.2127705, -13.5047913),
Vector3.new(1.5820446, 10.7039509, -13.54459),
Vector3.new(2.17077446, 10.2213078, -13.6291847),
Vector3.new(3.18728638, 8.93350029, -13.9424076),
Vector3.new(3.65176201, 7.97474861, -14.1041718),
Vector3.new(3.80647659, 7.02135277, -14.0845051),
Vector3.new(3.90112877, 6.43807602, -14.0524368),
Vector3.new(3.83754158, 5.79907036, -14.1281128),
Vector3.new(3.72516441, 5.10656929, -14.0865078),
Vector3.new(3.59300423, 4.5250473, -14.0860176),
Vector3.new(3.12152481, 3.5610466, -14.0603371),
Vector3.new(2.68922424, 2.9600563, -14.0673065),
Vector3.new(2.26271057, 2.48306084, -14.0850792),
Vector3.new(1.79419708, 2.09897423, -14.0599422),
Vector3.new(1.09450722, 1.68069649, -14.1070881),
Vector3.new(0.285022736, 1.29031754, -14.199791),
Vector3.new(-0.532186508, 1.15770149, -14.2249641),
Vector3.new(-1.46953773, 1.03728676, -14.231451),
Vector3.new(-2.15929222, 1.14921951, -14.2076855),
Vector3.new(-2.73289299, 1.24230194, -14.2300568),
Vector3.new(-3.75555229, 1.64024353, -14.2816887),
Vector3.new(-4.38451195, 1.97318077, -14.3475571),
Vector3.new(-5.00032997, 2.47803116, -14.3136635),
Vector3.new(-5.54258156, 3.09374809, -14.3558559),
Vector3.new(-5.91709328, 3.66698647, -14.3239746),
Vector3.new(-6.31672859, 4.48409843, -14.2824917),
Vector3.new(-6.49277687, 5.25357437, -14.223856),
Vector3.new(-6.6547718, 6.37715912, -14.3290539),
Vector3.new(-6.492239, 7.37873077, -14.2262096),
Vector3.new(-6.24651527, 8.28846931, -14.2265186),
Vector3.new(-5.55097008, 9.52501869, -14.288599),
Vector3.new(-4.27461433, 10.7880917, -14.1308365),
Vector3.new(-1.74958992, 11.5946255, -13.745718),
Vector3.new(-1.46380806, 11.5926418, -13.5893555),
Vector3.new(-1.58341217, 11.5732288, -5.05552673),
Vector3.new(-3.20390511, 11.2585354, -5.14258575),
Vector3.new(-3.91695595, 10.9097958, -5.23054504),
Vector3.new(-5.01952171, 10.1351948, -5.23178864),
Vector3.new(-6.13093376, 8.52468681, -5.50244904),
Vector3.new(-6.52929115, 7.15008545, -5.74741745),
Vector3.new(-6.6564579, 6.26256371, -5.74671936),
Vector3.new(-6.50354958, 5.3202858, -5.86548233),
Vector3.new(-6.28783607, 4.42512321, -5.71973419),
Vector3.new(-5.67737389, 3.25823021, -5.77692413),
Vector3.new(-4.99186897, 2.37240028, -5.78213501),
Vector3.new(-5.11024284, 1.72660446, -5.68881226),
Vector3.new(-4.78275108, 0.917921066, -5.64416885),
Vector3.new(-4.29324913, 0.387655258, -5.52354813),
Vector3.new(-3.69362831, 0.0313396454, -5.47573853),
Vector3.new(-2.93526649, 0, -5.44737625),
Vector3.new(-1.75214958, 0, -5.44190216),
Vector3.new(-0.746068954, 0, -5.42116928),
Vector3.new(0.278486252, 0, -5.37893677),
Vector3.new(1.16246223, 0, -5.251194),
Vector3.new(2.1321373, 0.22527504, -5.27069473),
Vector3.new(2.67459297, 0.790613174, -5.52543259),
Vector3.new(3.02252388, 1.77464676, -5.85860825),
Vector3.new(2.90623093, 2.37388802, -5.91474915),
Vector3.new(2.62158012, 2.87747765, -6.00000381),
Vector3.new(3.05847931, 3.43202019, -6.0961647),
Vector3.new(3.44477081, 4.22184944, -6.14746475),
Vector3.new(3.70730591, 4.99617958, -6.03255081),
Vector3.new(3.83826447, 5.80318832, -6.03002167),
Vector3.new(3.89186668, 6.49551582, -5.94942856),
Vector3.new(3.74905968, 7.37550926, -5.8729248),
Vector3.new(3.60756683, 8.07428932, -6.0180397),
Vector3.new(3.2025547, 8.90239906, -5.95996475),
Vector3.new(2.52963448, 9.86367989, -5.95125198),
Vector3.new(1.98570633, 10.3730755, -5.93543625),
Vector3.new(1.54962349, 10.7257442, -5.92314148),
Vector3.new(0.866678238, 11.059763, -5.87182617),
Vector3.new(0.234073639, 11.3469639, -5.94844437),
Vector3.new(-0.552070618, 11.474535, -5.80542755),
Vector3.new(-1.24701691, 11.5873089, -5.82159424),
Vector3.new(-1.28601074, 11.5936375, -5.57480621),
Vector3.new(-1.38721085, 11.6050663, -4.98100662),
Vector3.new(-1.2897377, 11.594244, -4.39276886),
Vector3.new(-1.52416611, 11.5828495, -10.047924),
Vector3.new(-2.37515068, 11.4447536, -10.0998726),
Vector3.new(-3.18888664, 11.2659054, -10.1759338),
Vector3.new(-4.16551781, 10.7882519, -10.181427),
Vector3.new(-4.85539055, 10.2697926, -10.1984291),
Vector3.new(-5.58896828, 9.47867012, -10.1805305),
Vector3.new(-5.70913506, 9.33209419, -10.9092903),
Vector3.new(-6.60282707, 7.63693428, -10.9326134),
Vector3.new(-6.48427391, 7.42781258, -10.1465111),
Vector3.new(-6.62454414, 6.56343079, -10.1230202),
Vector3.new(-6.56217384, 5.68124199, -10.0974922),
Vector3.new(-6.42344475, 4.82633972, -10.1007233),
Vector3.new(-5.85934258, 3.5489006, -10.1586189),
Vector3.new(-5.34649467, 2.85456085, -10.2579842),
Vector3.new(-4.58415413, 2.13684845, -10.3498268),
Vector3.new(-4.04751015, 1.78303528, -10.3339043),
Vector3.new(-3.39503288, 1.46391869, -10.390995),
Vector3.new(-2.73171806, 1.24211121, -10.4245415),
Vector3.new(-1.67432594, 1.0705204, -10.48489),
Vector3.new(-1.0565815, 1.07260513, -10.5398788),
Vector3.new(-0.0676708221, 1.23308372, -10.5774384),
Vector3.new(0.776948929, 1.525383, -10.6928635),
Vector3.new(1.57798958, 1.92172432, -10.6646919),
Vector3.new(2.32678986, 2.53559494, -10.6872406),
Vector3.new(2.70700264, 2.98174286, -10.885849),
Vector3.new(3.09322739, 3.50318718, -10.8408852),
Vector3.new(3.55284119, 4.44293022, -10.715168),
Vector3.new(3.79286194, 5.52374077, -10.7519722),
Vector3.new(3.90324402, 6.42505836, -11.3577042),
Vector3.new(3.76119804, 7.3003788, -11.4533424),
Vector3.new(3.64858818, 7.99029732, -11.4555016),
Vector3.new(2.93560028, 9.36841393, -11.4945335),
Vector3.new(2.51787186, 9.87796211, -10.0706635),
Vector3.new(2.00657272, 10.3559208, -10.0774345),
Vector3.new(1.0791626, 10.9558086, -10.0450058),
Vector3.new(0.37484169, 11.3002834, -10.0259705),
Vector3.new(-0.469999313, 11.4612064, -10.0812378),
Vector3.new(-1.32233429, 11.5995235, -10.0810051),
Vector3.new(-1.46016502, 11.5932293, 3.05295563),
Vector3.new(-1.93139839, 11.5167561, 0.563930511),
Vector3.new(-2.99775505, 11.3437138, 0.132686615),
Vector3.new(-3.67651176, 11.0273914, 0.0206680298),
Vector3.new(-4.61183739, 10.4694157, -0.135108948),
Vector3.new(-5.21860695, 9.93037224, -0.25315094),
Vector3.new(-5.72146416, 9.31699181, -0.331825256),
Vector3.new(-6.10953712, 8.56815147, -0.39850235),
Vector3.new(-6.39940834, 7.95047951, -0.387641907),
Vector3.new(-6.52886009, 7.1527462, -0.371376038),
Vector3.new(-6.65517616, 6.37433815, -0.354244232),
Vector3.new(-6.45873833, 5.04415512, -0.366531372),
Vector3.new(-6.25110817, 4.35002136, -0.321590424),
Vector3.new(-5.96726418, 3.76966667, -0.362995148),
Vector3.new(-5.57861519, 3.09117508, -0.316001892),
Vector3.new(-5.9342823, 2.30416679, -0.310573578),
Vector3.new(-6.00618172, 1.52448845, -0.393245697),
Vector3.new(-5.77014351, 0.954177856, -0.3608284),
Vector3.new(-5.44960213, 0.556034088, -0.344936371),
Vector3.new(-4.90613747, 0.0469856262, -0.408027649),
Vector3.new(-2.41776085, 0, -0.260974884),
Vector3.new(-1.2762661, 0, -0.15914917),
Vector3.new(0, 0, 0),
Vector3.new(1.05002213, 0, 0.0830917358),
Vector3.new(2.15142822, 0, 0.170246124),
Vector3.new(3.06693459, 0.160411835, 0.171649933),
Vector3.new(3.53643036, 0.67165947, 0.0993728638),
Vector3.new(3.83415031, 1.26269913, -0.237586975),
Vector3.new(3.94166374, 2.2500267, 0.0103034973),
Vector3.new(3.70838928, 2.91173363, -0.0380935669),
Vector3.new(3.28866005, 3.41283989, -0.152881622),
Vector3.new(3.63826942, 4.61748695, -0.218891144),
Vector3.new(3.78071785, 5.44857216, -0.318515778),
Vector3.new(3.89741325, 6.46132278, -0.393379211),
Vector3.new(3.78645897, 7.14504623, -0.362007141),
Vector3.new(3.64045334, 8.00705147, -0.314762115),
Vector3.new(3.26616478, 8.77233315, -0.331802368),
Vector3.new(2.93230629, 9.37249947, -0.279502869),
Vector3.new(2.52222061, 9.87272453, -0.341579437),
Vector3.new(1.94329643, 10.4078426, -0.366455078),
Vector3.new(1.18917465, 10.9020329, -0.353092194),
Vector3.new(0.537536621, 11.2207394, -0.457054138),
Vector3.new(-0.256856918, 11.42663, -0.488052368),
Vector3.new(-1.10362244, 11.5640392, -0.518585205),
Vector3.new(-1.87270927, 11.5262814, -0.459197998),
Vector3.new(-3.22949028, 11.2460232, -0.304695129),
Vector3.new(-4.20110512, 10.7708225, -0.145713806),
Vector3.new(-4.54637337, 10.5230846, 5.74682999),
Vector3.new(-4.07715034, 10.8314457, 5.71203232),
Vector3.new(-3.35837746, 11.1432018, 5.81005478),
Vector3.new(-2.56595039, 11.4137821, 5.75592041),
Vector3.new(-1.86814308, 11.523325, 5.76550293),
Vector3.new(-1.21411705, 11.3359165, 5.77231216),
Vector3.new(-0.532960892, 11.4050312, 5.76465225),
Vector3.new(0.0161342621, 11.3359165, 5.80213547),
Vector3.new(0.734380722, 11.0074444, 5.83180618),
Vector3.new(1.95100212, 10.1442966, 5.76465225),
Vector3.new(2.54722214, 9.62217522, 5.80908966),
Vector3.new(3.07932854, 9.08519936, 5.84187698),
Vector3.new(3.246418, 8.53554726, 5.82416916),
Vector3.new(3.42346382, 7.95591545, 5.78316498),
Vector3.new(3.61727715, 7.31609344, 5.78069305),
Vector3.new(3.8186779, 6.64376831, 5.83810043),
Vector3.new(3.78587341, 5.48034477, 5.73618317),
Vector3.new(3.65598869, 4.69298935, 5.80598068),
Vector3.new(3.27869606, 4.03943634, 5.80560684),
Vector3.new(2.86118317, 3.36441803, 5.78779984),
Vector3.new(3.25754738, 2.8686161, 5.79972076),
Vector3.new(3.47071838, 2.24533653, 5.89413834),
Vector3.new(4.03207016, 1.54701614, 5.94696808),
Vector3.new(3.30496025, 1.01122665, 5.83752823),
Vector3.new(2.81820679, 0.42225647, 5.88851166),
Vector3.new(1.2608242, 0, 5.90069199),
Vector3.new(0.0849628448, 1.90734863e-06, 5.85096741),
Vector3.new(-1.0733223, 0, 6.09175873),
Vector3.new(-2.1498127, 0, 6.1655159),
Vector3.new(-3.08550835, 0, 6.18859863),
Vector3.new(-3.95990944, 1.90734863e-06, 6.34196472),
Vector3.new(-4.45220757, 0.189828873, 6.302845),
Vector3.new(-5.05124092, 0.762775421, 6.28039169),
Vector3.new(-5.43076515, 1.50439453, 6.45288467),
Vector3.new(-5.39906502, 2.23425865, 6.40706253),
Vector3.new(-5.30191231, 2.89404106, 6.40478134),
Vector3.new(-5.95749092, 3.76066971, 6.40721893),
Vector3.new(-6.2344532, 4.45141602, 6.40932846),
Vector3.new(-6.34223747, 5.01948929, 6.4308815),
Vector3.new(-6.59794807, 5.94566154, 6.30966949),
Vector3.new(-6.59924126, 6.55336189, 6.15408325),
Vector3.new(-6.51058388, 7.08080482, 6.24601364),
Vector3.new(-6.40534019, 7.77139854, 6.16957474),
Vector3.new(-6.19985008, 8.31112862, 6.0477562),
Vector3.new(-5.73477745, 9.06146431, 5.9852829),
Vector3.new(-5.25113869, 9.84136009, 5.90907288),
Vector3.new(-0.824268341, 7.23535538, -1.58213806),
Vector3.new(-2.17724037, 6.46869469, -23.5226345),
Vector3.new(-1.51577377, 4.05363655, -38.9625931),
Vector3.new(-1.35475922, 3.39640808, -41.7200012),
Vector3.new(-0.976902008, 3.3875618, -42.047348),
Vector3.new(-2.39727974, 5.07003784, -35.7114639),
Vector3.new(-2.84340477, 6.6037693, -33.4739456),
Vector3.new(-2.60284615, 7.87540627, -32.1379623),
Vector3.new(-3.53352928, 7.69060326, -31.9793148),
Vector3.new(-3.62418938, 10.0612354, -28.994566),
Vector3.new(-0.177474976, 11.1414242, -24.5180931),
Vector3.new(0.577114105, 10.775774, -25.5082378),
Vector3.new(1.79133606, 9.81607246, -25.397068),
Vector3.new(3.36704445, 8.00532722, -24.9715271),
Vector3.new(3.67331505, 6.5809536, -24.8112774),
Vector3.new(3.33424568, 6.42022514, -29.1417446),
Vector3.new(1.83657455, 5.36451721, -33.450325),
Vector3.new(0.271360397, 4.67910194, -36.2565346),
Vector3.new(-1.35750771, 3.22274971, -42.3265915),
Vector3.new(-1.36052513, 3.33856964, -42.8129845)}
