return
{
Vector3.new(-2.02288437, 13.6434078, -5.97528076),
Vector3.new(-1.9936142, 13.511858, -12.7387161),
Vector3.new(-1.87162018, 13.0631199, -13.1010551),
Vector3.new(-1.41509628, 10.0659695, -12.486763),
Vector3.new(-1.40513992, 9.7101841, -11.9668427),
Vector3.new(-1.35778046, 9.75107765, -6.26976013),
Vector3.new(-1.52825546, 10.1155872, -5.52511215),
Vector3.new(-1.91179657, 11.7736912, -4.84929657),
Vector3.new(-2.02617645, 13.7302723, -5.76911163),
Vector3.new(1.22706985, 13.6781368, -5.84402466),
Vector3.new(1.21617508, 13.7029095, -12.6117897),
Vector3.new(1.11224365, 13.1993809, -13.1086044),
Vector3.new(0.80789566, 10.086565, -12.3995094),
Vector3.new(0.802192688, 9.78706551, -11.7869949),
Vector3.new(0.851024628, 9.76804924, -6.37145615),
Vector3.new(0.871879578, 10.173193, -5.48900986),
Vector3.new(1.30969238, 11.5944881, -4.7181282),
Vector3.new(1.22837448, 13.6256008, -5.67592239),
Vector3.new(0.653862, 9.96045113, -5.26494598),
Vector3.new(-1.26264191, 9.88438988, -5.26494598),
Vector3.new(-1.28130341, 9.88149834, -8.99864197),
Vector3.new(-0.175956726, 10.2411289, -9.24237442),
Vector3.new(-0.44713974, 11.5515461, -7.9803009),
Vector3.new(-0.661151886, 12.2740536, -7.96672821),
Vector3.new(-0.53711319, 13.4266262, -8.52219009),
Vector3.new(0.395874023, 13.4429111, -8.51524353),
Vector3.new(0.287410736, 12.3508053, -8.05276489),
Vector3.new(0.334896088, 11.631815, -7.97075272),
Vector3.new(0.478076935, 10.1709614, -9.11547852),
Vector3.new(0.527862549, 11.1800785, -7.32172775),
Vector3.new(0.550571442, 12.4061947, -7.22044754),
Vector3.new(1.07328415, 13.658556, -8.19496536),
Vector3.new(-0.771965027, 11.2690487, -7.20064545),
Vector3.new(-0.702964783, 10.117136, -8.63170624),
Vector3.new(-1.38267136, 9.11966515, -8.9854126),
Vector3.new(-1.38402939, 9.15382195, -12.1637039),
Vector3.new(-1.40149689, 9.6164875, -12.8513145),
Vector3.new(-1.59928894, 12.9046001, -13.6854553),
Vector3.new(-2.0058403, 13.5887432, -14.4137192),
Vector3.new(-1.99207687, 13.6429462, -22.0857239),
Vector3.new(-2.04771042, 16.2487926, -22.0390244),
Vector3.new(-1.94009399, 16.3172207, -12.0295258),
Vector3.new(-1.88666153, 17.8841267, -12.0383453),
Vector3.new(-1.56363297, 18.6544666, -12.0035324),
Vector3.new(-1.54905701, 18.7211323, -7.96168518),
Vector3.new(-2.13142395, 17.4515972, -7.92147064),
Vector3.new(-2.07364655, 16.2808971, -7.910923),
Vector3.new(-1.92067337, 16.3304691, -13.3599472),
Vector3.new(-2.08622742, 16.2783909, 3.30558014),
Vector3.new(1.1144371, 16.135458, 3.58617401),
Vector3.new(1.14342117, 16.474123, -7.92960358),
Vector3.new(1.08943176, 17.5821514, -7.85245132),
Vector3.new(0.377449036, 18.7098789, -7.91843033),
Vector3.new(0.392372131, 18.7835026, -12.017128),
Vector3.new(0.852329254, 18.0154018, -12.0321121),
Vector3.new(0.939376831, 16.3837109, -12.0324707),
Vector3.new(1.14218521, 16.5075588, -6.37646866),
Vector3.new(1.13914871, 16.3603039, -22.0195541),
Vector3.new(1.21622086, 13.7188091, -22.0781479),
Vector3.new(1.2171669, 13.9601154, 4.2521286),
Vector3.new(-2.00921249, 13.8647137, 4.27073669),
Vector3.new(-2.02412415, 13.6761341, -7.49677277),
Vector3.new(-2.03530502, 13.9711666, -4.42495346),
Vector3.new(-2.13418961, 17.4109402, -4.44161606),
Vector3.new(-1.55985641, 18.7134304, -4.28390884),
Vector3.new(0.265411377, 18.7651196, -4.15525055),
Vector3.new(1.09310913, 17.5724049, -4.33393097),
Vector3.new(1.1555748, 16.5184727, -4.33498001),
Vector3.new(1.2148819, 14.0465488, -4.33843994),
Vector3.new(1.2897377, 12.1195812, -4.69633865),
Vector3.new(1.3716011, 9.96304512, -4.366539),
Vector3.new(1.64293289, 2.80472374, -2.58180237),
Vector3.new(1.41911316, 1.2235508, -3.15020752),
Vector3.new(1.30212784, 0.118610382, -3.15259552),
Vector3.new(1.32289505, 0.136800766, 3.04050446),
Vector3.new(1.69522858, 0.810316086, 3.13718414),
Vector3.new(1.694664, 0.822893143, 4.9060936),
Vector3.new(1.64302826, 2.48425484, 4.9143219),
Vector3.new(1.34584427, 10.8236141, 2.69799042),
Vector3.new(1.30602646, 12.2637959, 3.04655457),
Vector3.new(1.29221725, 12.6286449, 4.10813522),
Vector3.new(1.24938583, 12.5631733, 4.72388458),
Vector3.new(1.17721558, 15.6258259, 3.66635895),
Vector3.new(0.775337219, 15.1848087, 4.12841797),
Vector3.new(-2.05138397, 15.087553, 3.89245605),
Vector3.new(-1.97750092, 12.5113277, 4.71321106),
Vector3.new(-2.12229919, 17.8316555, 2.82844543),
Vector3.new(1.03106308, 17.9438763, 3.07884979),
Vector3.new(1.03793335, 12.4881573, 4.71168518),
Vector3.new(-1.97384262, 12.3777943, 4.69786835),
Vector3.new(-1.93258286, 12.1089649, 3.07669067),
Vector3.new(-1.88043213, 10.7788067, 2.7179985),
Vector3.new(-1.56590271, 2.51601791, 4.85363007),
Vector3.new(-1.51638794, 0.709497452, 4.89115906),
Vector3.new(1.84467697, 0.949707031, 4.86533737),
Vector3.new(1.63064194, 1.12784004, -2.50727844),
Vector3.new(1.68914413, 1.36753654, -2.97449875),
Vector3.new(1.64159775, 2.84002495, -2.49423981),
Vector3.new(1.6488266, 2.51812172, 4.80347061),
Vector3.new(1.49201584, 6.65555, 3.70703125),
Vector3.new(1.52109146, 6.58690453, -3.37158585),
Vector3.new(1.42021561, 9.44738197, -4.08591843),
Vector3.new(1.38457108, 9.73113823, 2.83167267),
Vector3.new(1.24453735, 14.0933781, 2.42528152),
Vector3.new(1.16490936, 16.3207226, 2.38933563),
Vector3.new(1.04925156, 17.8709049, 2.2026825),
Vector3.new(0.333759308, 19.492178, 2.18048096),
Vector3.new(-0.468360901, 19.4741611, 2.16061401),
Vector3.new(-1.66477203, 19.4142704, 2.18354797),
Vector3.new(-2.12807465, 17.669878, 2.21060944),
Vector3.new(-1.84818268, 17.9443226, -22.0318604),
Vector3.new(-1.47082901, 18.6929684, -22.051239),
Vector3.new(0.452106476, 18.7840176, -22.0480194),
Vector3.new(0.84602356, 18.0647945, -22.0535049),
Vector3.new(1.09394455, 16.5112629, -21.9184647),
Vector3.new(1.08250809, 16.5309925, -19.8224869),
Vector3.new(0.897224426, 18.0315037, -19.474556),
Vector3.new(0.436080933, 18.8207531, -19.3839188),
Vector3.new(-1.53137207, 18.7183704, -19.0783081),
Vector3.new(-1.84960175, 18.0619564, -19.1717758),
Vector3.new(-1.94610214, 16.4192028, -19.0544968),
Vector3.new(-2.07301712, 13.7711849, -19.0054779),
Vector3.new(1.06632996, 13.6494846, -19.0274048),
Vector3.new(1.20020294, 16.2346554, -19.431839),
Vector3.new(1.15718079, 16.5702457, -15.6524734),
Vector3.new(0.911270142, 18.0034733, -15.6774445),
Vector3.new(0.459102631, 18.7992344, -15.7232513),
Vector3.new(-1.51024628, 18.7151775, -15.7082443),
Vector3.new(-1.85251236, 18.0228825, -15.7197723),
Vector3.new(-2.02562714, 16.6044064, -15.8262405),
Vector3.new(-2.1000824, 13.7504444, -16.0696869),
Vector3.new(1.06643677, 13.6437206, -16.0962982),
Vector3.new(1.15044403, 16.266077, -15.6255493),
Vector3.new(1.0575676, 16.5819073, -8.07246017),
Vector3.new(1.22922134, 13.9954319, -8.26216507),
Vector3.new(-1.79764557, 13.3778095, -8.39533234),
Vector3.new(-2.03112411, 13.8608761, -8.01694489),
Vector3.new(-2.07387161, 16.0809383, -7.91053391),
Vector3.new(-2.08690643, 16.3093433, -1.12742615),
Vector3.new(-2.03058243, 17.8894024, -1.26624298),
Vector3.new(-1.63665771, 18.7406445, -1.32262039),
Vector3.new(0.186935425, 18.943716, -1.21424103),
Vector3.new(1.09528732, 17.5766735, -1.10702896),
Vector3.new(1.18601608, 16.4263401, -1.2019577),
Vector3.new(1.25712967, 14.0563107, -1.61942673),
Vector3.new(1.43836975, 9.67577171, -2.17782211),
Vector3.new(1.56018066, 6.75067329, -1.95233536),
Vector3.new(1.74232483, 2.93822289, -1.31665421),
Vector3.new(1.70753098, 1.23489761, -0.728954315),
Vector3.new(1.76863861, 1.16961479, 1.97352219),
Vector3.new(1.73028946, 2.80614281, 1.67768097),
Vector3.new(1.51444244, 6.77889061, 0.957157135),
Vector3.new(1.46262741, 9.79292107, 0.678272247),
Vector3.new(1.2333107, 14.151926, 0.775093079),
Vector3.new(1.14379501, 16.48876, 0.765636444),
Vector3.new(1.08828735, 17.5942593, 0.554100037),
Vector3.new(0.46037674, 19.0799541, 0.339874268),
Vector3.new(-1.57633209, 19.1344662, -0.0553092957),
Vector3.new(-2.01350021, 18.0084972, 0.201049805),
Vector3.new(-2.08864212, 16.499712, 0.408336639),
Vector3.new(-2.03676605, 14.009676, 0.587165833),
Vector3.new(-2.03420258, 13.9421215, -1.27481461),
Vector3.new(-2.09692383, 15.8095875, -1.13967133),
Vector3.new(-1.878685, 10.7706776, -1.33937454),
Vector3.new(-1.75965118, 7.64385414, -1.16184998),
Vector3.new(-1.66400909, 5.12297249, -1.05091476),
Vector3.new(-1.55887604, 2.35131645, -0.970714569),
Vector3.new(-1.39864731, 0.953132629, -0.981521606),
Vector3.new(-1.01601028, 0.116430283, -0.987522125),
Vector3.new(-1.05357742, 0.106931686, 2.95897675),
Vector3.new(-1.51726151, 0.732599258, 3.03659439),
Vector3.new(-1.51797104, 0.751314163, 4.32648087),
Vector3.new(-1.56412506, 2.47257042, 4.29036713),
Vector3.new(-1.62696838, 2.38944054, -0.476829529),
Vector3.new(-1.76100159, 2.3343277, 0.735454559),
Vector3.new(-1.13433838, 0.375888824, 1.09899521),
Vector3.new(-1.51728821, 0.929096222, 2.46560287),
Vector3.new(-1.56848526, 2.59837914, 2.37982178),
Vector3.new(-1.8604126, 10.2682514, 2.58800888),
Vector3.new(-2.02861404, 10.7640629, -1.29481506),
Vector3.new(-1.92799759, 8.12236977, -1.19962692),
Vector3.new(-1.91758347, 7.82572746, 2.55060196),
Vector3.new(-1.81547928, 5.14210701, 2.51766968),
Vector3.new(-1.83430099, 5.65553856, -1.06103897),
Vector3.new(-1.81418228, 4.83135796, 4.19730377),
Vector3.new(-1.92382813, 7.79701424, 3.45281601),
Vector3.new(-2.07006454, 7.85122108, 1.65721512),
Vector3.new(-1.7877121, 8.49942589, -4.03402328),
Vector3.new(-1.57512283, 2.66451645, -2.58011246),
Vector3.new(-1.46936798, 1.28071404, -3.05739975),
Vector3.new(0.877159119, 1.27601624, -3.16121292),
Vector3.new(-0.956890106, 1.18882561, -3.23022079),
Vector3.new(-0.94128418, 0.0291080475, -3.19491577),
Vector3.new(1.17905045, 0.0913581848, -3.19491959),
Vector3.new(0.0238342285, -0.0252552032, -3.04491425),
Vector3.new(-0.0238342285, 0.0252552032, 3.04491425),
Vector3.new(-0.194850922, 0.223257065, 3.60346985),
Vector3.new(-0.00664138794, 0.665201187, 4.75329971),
Vector3.new(0.128772736, 2.50793457, 4.91954041),
Vector3.new(-0.291950226, 4.84631157, 4.29256821),
Vector3.new(-0.308017731, 7.11447716, 3.68837738),
Vector3.new(-0.335552216, 8.47918129, 3.32466888),
Vector3.new(-0.561733246, 10.6544704, 3.13446426),
Vector3.new(-0.424571991, 12.2229443, 3.49052429),
Vector3.new(-0.311965942, 12.2885876, 4.66314697),
Vector3.new(-0.491386414, 11.4189167, 3.47208405),
Vector3.new(1.24385834, 11.526865, 3.06138992),
Vector3.new(-1.95070648, 11.4135876, 3.03968048),
Vector3.new(-1.95768356, 9.54179955, 3.21273804),
Vector3.new(1.37322235, 9.17669868, 3.29657364),
Vector3.new(1.52828979, 7.74937248, 3.66194153),
Vector3.new(-1.77569962, 7.28743935, 3.78124619),
Vector3.new(-1.76482773, 5.98668098, 4.12313461),
Vector3.new(1.59124374, 5.68806648, 4.21117783),
Vector3.new(1.61941528, 4.06775856, 4.64576721),
Vector3.new(-1.61857605, 3.78538704, 4.68289185),
Vector3.new(-1.66491318, 5.12963676, 3.74112701),
Vector3.new(-1.71483994, 5.64793587, -3.16263962),
Vector3.new(-1.8932457, 11.2819767, -4.67922211),
Vector3.new(-1.89822388, 11.2902279, -1.47054291),
Vector3.new(-1.95559311, 12.5565739, -1.42970657),
Vector3.new(-2.00178909, 13.095335, 4.33947372),
Vector3.new(-1.98191452, 12.9806499, -5.10761642),
Vector3.new(-2.17732239, 13.9110279, -6.61903381),
Vector3.new(-2.0406456, 14.1120663, -21.7696686),
Vector3.new(-1.87804413, 17.4325466, -22.0302811),
Vector3.new(-1.50524521, 16.9672604, -22.1362762),
Vector3.new(-1.10768127, 16.4999599, -22.1362762),
Vector3.new(-0.402351379, 16.2206364, -22.1369247),
Vector3.new(0.101203918, 16.2384205, -22.1368866),
Vector3.new(0.549430847, 16.8036213, -22.1259995),
Vector3.new(0.393226624, 17.4652233, -22.1362762),
Vector3.new(-0.150188446, 18.0569668, -22.1362762),
Vector3.new(-0.87966156, 18.1538639, -22.1302109),
Vector3.new(-1.23537064, 17.5626202, -22.1362762),
Vector3.new(-2.05657959, 14.8931484, -22.2133484),
Vector3.new(-1.78598022, 13.699297, -22.0888901),
Vector3.new(1.05140686, 13.7576313, -22.0927124),
Vector3.new(0.848503113, 13.3497715, -14.7280197),
Vector3.new(-1.13474655, 13.2096958, -14.5904236),
Vector3.new(0.760467529, 12.1764927, -13.5085297),
Vector3.new(-1.38870621, 11.816576, -13.4519806),
Vector3.new(-1.30262375, 10.7031689, -13.1769905),
Vector3.new(0.788253784, 10.6047573, -13.1077538),
Vector3.new(0.821407318, 9.7164669, -12.8397789),
Vector3.new(0.824127197, 9.2610302, -12.1937599),
Vector3.new(0.808609009, 9.19916725, -6.21418381),
Vector3.new(1.0880127, 10.0558071, -4.89579391),
Vector3.new(1.20432281, 14.116148, -6.14300919),
Vector3.new(1.20563889, 14.0133648, -13.0501251),
Vector3.new(1.20580673, 13.9957333, -14.1814423),
Vector3.new(0.81893158, 13.0180302, -13.6865196),
Vector3.new(0.769657135, 11.0953388, -13.2514114),
Vector3.new(-1.0216217, 9.83610725, -11.3931808),
Vector3.new(0.556125641, 9.91961861, -11.2564583),
Vector3.new(0.672222137, 9.94949913, -9.63262177),
Vector3.new(-0.64591217, 10.1283588, -9.78996277),
Vector3.new(-1.04766846, 9.74627113, -7.36036682),
Vector3.new(0.692985535, 9.77571678, -7.26218414),
Vector3.new(0.24269104, 9.17779732, -7.12422943),
Vector3.new(-1.38372803, 9.1474781, -6.93300629),
Vector3.new(-1.37985611, 9.11641884, -8.43186951),
Vector3.new(0.579334259, 9.19068718, -8.62947845),
Vector3.new(0.669376373, 9.16032219, -10.3626328),
Vector3.new(-1.51873779, 8.98488426, -10.4023399),
Vector3.new(-0.289310455, 9.15776634, -10.5425797),
Vector3.new(-0.255279541, 9.15831947, -12.2264061),
Vector3.new(-0.274219513, 9.63813972, -12.8636398),
Vector3.new(-0.255180359, 13.1118641, -14.3318634),
Vector3.new(-0.414028168, 13.6298161, -21.9133148),
Vector3.new(-0.211620331, 15.6522198, -22.1384125),
Vector3.new(0.660541534, 16.0901508, -22.1097565),
Vector3.new(0.338523865, 18.2747822, -22.0966644),
Vector3.new(-0.451313019, 18.5684071, -22.0761795),
Vector3.new(-0.572170258, 19.0446949, -21.63974),
Vector3.new(-0.501991272, 19.3525295, -21.1735611),
Vector3.new(-0.481693268, 19.3532963, -19.6891174),
Vector3.new(-0.469642639, 18.8754101, -18.9208527),
Vector3.new(-0.743366241, 18.7495098, -2.57952881),
Vector3.new(-0.846504211, 19.0368748, 2.76823425),
Vector3.new(0.563541412, 18.9123058, 1.19302368),
Vector3.new(0.491386414, 18.7582188, -21.5216446),
Vector3.new(-1.53625488, 18.698801, -21.4585419),
Vector3.new(-1.81251144, 18.9378262, 1.18371582),
Vector3.new(0.47095871, 19.0521984, -0.297481537),
Vector3.new(0.552562714, 19.0355206, -2.7563324),
Vector3.new(-1.59339905, 18.6393795, -2.86153793),
Vector3.new(-1.54247284, 18.7216663, -5.64722824),
Vector3.new(0.295230865, 18.7584476, -5.91017532),
Vector3.new(0.206256866, 18.7759953, -9.02066803),
Vector3.new(-1.38748169, 18.7155514, -9.13944626),
Vector3.new(-1.52117157, 18.7224064, -6.98352432),
Vector3.new(0.0793495178, 18.7757626, -6.78113556),
Vector3.new(0.193222046, 18.7755871, -11.019455),
Vector3.new(-1.38973236, 18.7154713, -11.1152344),
Vector3.new(-1.45022202, 18.7142925, -13.6594772),
Vector3.new(0.272624969, 18.8013744, -13.4765625),
Vector3.new(0.308300018, 18.8011227, -17.4713287),
Vector3.new(0.643157959, 18.486639, -19.9917984),
Vector3.new(0.954219818, 16.9224491, -20.3027039),
Vector3.new(1.21114349, 14.0493679, -19.4269867),
Vector3.new(-1.80271912, 13.5843067, -19.5097046),
Vector3.new(-2.01793671, 13.5199337, 3.78633118),
Vector3.new(-1.98011017, 12.6496181, 2.88817215),
Vector3.new(-1.78510666, 8.29935265, 2.06118011),
Vector3.new(-1.68729019, 5.32995796, 3.07659149),
Vector3.new(-1.57208252, 2.68654442, 3.34830093),
Vector3.new(-1.52468109, 0.891202927, 3.62854004),
Vector3.new(-1.01839447, 0.118991852, -2.99808502),
Vector3.new(-1.23091888, 0.578292847, -1.9967804),
Vector3.new(-1.51734543, 1.25466156, -1.84027863),
Vector3.new(-1.72951126, 6.88184166, -2.32749557),
Vector3.new(-1.89022064, 11.1328144, -2.98220062),
Vector3.new(-2.00547791, 13.3443966, -3.35391998)}
