return {Vector3.new(16.2927017, 0.917549133, -0.718276978),
Vector3.new(16.0395203, 0.91227746, -0.106277466),
Vector3.new(13.8633194, 0.969302416, 1.33116913),
Vector3.new(11.0608749, 1.08493876, 1.23653412),
Vector3.new(9.06450653, 0.988630056, -0.0380096436),
Vector3.new(8.79660797, 1.01046848, -0.646583557),
Vector3.new(8.60112, 2.16461086, -0.536209106),
Vector3.new(8.53323364, 2.94077706, -0.922439575),
Vector3.new(8.50270081, 3.44628978, -2.10176849),
Vector3.new(8.49855804, 3.06175017, -3.24298096),
Vector3.new(8.564888, 2.21569109, -3.74351501),
Vector3.new(8.76554871, 1.14675117, -3.61358643),
Vector3.new(8.8143692, 1.21899796, -4.32803345),
Vector3.new(8.85447693, 1.25508046, -11.5434952),
Vector3.new(8.42008209, 3.23841953, -11.7147446),
Vector3.new(8.45820618, 3.69054699, -13.1091919),
Vector3.new(8.4010849, 3.26913309, -14.4008713),
Vector3.new(8.66066742, 1.71765244, -14.6695862),
Vector3.new(10.100502, 1.90489769, -16.0006332),
Vector3.new(14.7018967, 1.8463738, -16.0472336),
Vector3.new(16.2020569, 1.65921521, -14.7472916),
Vector3.new(16.4052277, 2.29385877, -14.861824),
Vector3.new(16.4846802, 3.2300961, -14.4615097),
Vector3.new(16.4420395, 3.6580677, -13.2060165),
Vector3.new(16.5320435, 3.19099212, -11.5069962),
Vector3.new(16.0530701, 1.19879508, -11.5864716),
Vector3.new(16.2831726, 1.10230708, -3.67668152),
Vector3.new(16.5952225, 2.97374463, -3.40184784),
Vector3.new(16.6292572, 3.33801746, -2.19606018),
Vector3.new(16.5997772, 2.85095596, -1.02453613),
Vector3.new(16.2927017, 0.917549133, -0.718276978),
Vector3.new(16.0395203, 0.91227746, -0.106277466),
Vector3.new(15.9205704, 3.18065238, -0.0592346191),
Vector3.new(16.0286942, 3.7814045, -1.20085144),
Vector3.new(16.0391617, 3.96598864, -2.17736053),
Vector3.new(15.9619522, 4.00698757, -3.44145966),
Vector3.new(15.3319931, 4.16370535, -3.34346008),
Vector3.new(14.2666855, 4.07090807, -2.71669769),
Vector3.new(12.5842972, 4.11169577, -2.42417145),
Vector3.new(10.8772125, 4.10633326, -2.6668396),
Vector3.new(9.79103088, 4.22064018, -3.27125549),
Vector3.new(9.16020203, 4.09577799, -3.33745575),
Vector3.new(8.49855804, 3.06175017, -3.24298096),
Vector3.new(9.16020203, 4.09577799, -3.33745575),
Vector3.new(9.08575439, 4.04224873, -2.09169006),
Vector3.new(9.11932373, 3.86120319, -1.12767029),
Vector3.new(9.24149323, 3.23917031, 0.0418777466),
Vector3.new(9.06450653, 0.988630056, -0.0380096436),
Vector3.new(9.04721069, 2.15956879, 0.153648376),
Vector3.new(11.022171, 2.08038425, 1.30628204),
Vector3.new(13.9812927, 2.08857727, 1.35366058),
Vector3.new(16.0906677, 2.0294373, 0.0669250488),
Vector3.new(13.9812927, 2.08857727, 1.35366058),
Vector3.new(14.4562378, 3.07405472, 0.752304077),
Vector3.new(15.9205704, 3.18065238, -0.0592346191),
Vector3.new(14.4562378, 3.07405472, 0.752304077),
Vector3.new(12.6044159, 3.05055904, 0.983428955),
Vector3.new(10.6830215, 3.13294601, 0.743476868),
Vector3.new(9.24149323, 3.23917031, 0.0418777466),
Vector3.new(9.16764832, 2.70411205, 0.172973633),
Vector3.new(12.5105743, 3.24717093, -7.45895386),
Vector3.new(11.022171, 2.08038425, 1.30628204),
Vector3.new(10.6830215, 3.13294601, 0.743476868),
Vector3.new(12.6044159, 3.05055904, 0.983428955),
Vector3.new(12.5364532, 3.87972164, -1.14644623),
Vector3.new(12.5842972, 4.11169577, -2.42417145),
Vector3.new(14.2666855, 4.07090807, -2.71669769),
Vector3.new(13.918129, 3.85412502, -1.17978668),
Vector3.new(13.9307327, 3.16641974, 0.590782166),
Vector3.new(14.4562378, 3.07405472, 0.752304077),
Vector3.new(14.6421509, 3.39285946, -0.0807723999),
Vector3.new(14.9367294, 3.81720304, -1.13205719),
Vector3.new(15.0899506, 4.00728512, -2.1644516),
Vector3.new(15.3319931, 4.16370535, -3.34346008),
Vector3.new(14.2666855, 4.07090807, -2.71669769),
Vector3.new(12.5842972, 4.11169577, -2.42417145),
Vector3.new(10.8772125, 4.10633326, -2.6668396),
Vector3.new(11.1745377, 3.89058542, -1.1815567),
Vector3.new(11.151001, 3.45794249, -0.0438079834),
Vector3.new(11.2142792, 3.26019931, 0.829315186),
Vector3.new(10.6830215, 3.13294601, 0.743476868),
Vector3.new(10.4869385, 3.45309019, -0.0730819702),
Vector3.new(10.1828308, 3.87823915, -1.10331726),
Vector3.new(10.0273209, 4.06489897, -2.1091156),
Vector3.new(9.79103088, 4.22064018, -3.27125549),
Vector3.new(9.61834717, 4.51692724, -4.0837326),
Vector3.new(9.31177521, 4.25019836, -4.21282959),
Vector3.new(8.48692322, 3.19178796, -3.86897278),
Vector3.new(8.5959549, 3.36726236, -6.55057526),
Vector3.new(9.05721283, 4.03237438, -6.31504059),
Vector3.new(8.77160645, 3.94362259, -8.73323822),
Vector3.new(8.44213104, 3.41365051, -9.18041992),
Vector3.new(8.5959549, 3.36726236, -6.55057526),
Vector3.new(8.44213104, 3.41365051, -9.18041992),
Vector3.new(8.42008209, 3.23841953, -11.7147446),
Vector3.new(8.03222656, 3.51604199, -11.5647736),
Vector3.new(8.45820618, 3.69054699, -13.1091919),
Vector3.new(8.4010849, 3.26913309, -14.4008713),
Vector3.new(8.60043335, 3.0920763, -15.1086807),
Vector3.new(8.77174377, 3.81102848, -15.1091232),
Vector3.new(8.62372589, 4.00074768, -14.2001648),
Vector3.new(8.75125122, 4.11401606, -13.1943741),
Vector3.new(8.77386475, 3.98672771, -11.4564514),
Vector3.new(8.77160645, 3.94362259, -8.73323822),
Vector3.new(9.69405365, 5.17878771, -9.17545319),
Vector3.new(9.70843506, 5.0487299, -10.7713547),
Vector3.new(8.77386475, 3.98672771, -11.4564514),
Vector3.new(8.75125122, 4.11401606, -13.1943741),
Vector3.new(9.44963074, 4.73425341, -13.1950836),
Vector3.new(9.70843506, 5.0487299, -10.7713547),
Vector3.new(9.44963074, 4.73425341, -13.1950836),
Vector3.new(9.18595886, 4.24501705, -15.1190109),
Vector3.new(9.80735016, 4.29161119, -15.4348755),
Vector3.new(10.9848862, 4.37169123, -15.7967911),
Vector3.new(11.1945419, 5.8375845, -15.8497162),
Vector3.new(8.7089386, 5.65709352, -15.887825),
Vector3.new(8.74039459, 5.78786135, -16.4526367),
Vector3.new(8.70893097, 5.60230684, -15.3261871),
Vector3.new(8.7089386, 5.65709352, -15.887825),
Vector3.new(11.1945419, 5.8375845, -15.8497162),
Vector3.new(16.0148087, 5.68270874, -15.9572296),
Vector3.new(16.0148087, 5.58726215, -15.3538971),
Vector3.new(15.8699799, 5.70647001, -16.4586868),
Vector3.new(16.0148087, 5.68270874, -15.9572296),
Vector3.new(13.6376877, 5.90921021, -15.8386383),
Vector3.new(13.7241669, 4.37971258, -15.8081207),
Vector3.new(12.4875793, 4.25992632, -15.878479),
Vector3.new(10.9848862, 4.37169123, -15.7967911),
Vector3.new(12.5335999, 4.59283781, -16.2486877),
Vector3.new(13.8684921, 4.66554642, -16.1921387),
Vector3.new(15.7338943, 4.15994501, -15.1650162),
Vector3.new(15.6077881, 4.4353981, -14.271019),
Vector3.new(15.4598618, 4.67368793, -13.2476425),
Vector3.new(16.4420395, 3.6580677, -13.2060165),
Vector3.new(16.4846802, 3.2300961, -14.4615097),
Vector3.new(16.3017273, 3.8982892, -14.2558517),
Vector3.new(15.6077881, 4.4353981, -14.271019),
Vector3.new(15.7338943, 4.15994501, -15.1650162),
Vector3.new(15.6077881, 4.4353981, -14.271019),
Vector3.new(15.4598618, 4.67368793, -13.2476425),
Vector3.new(15.3901978, 4.94301796, -10.7418823),
Vector3.new(16.5320435, 3.19099212, -11.5069962),
Vector3.new(16.4420395, 3.6580677, -13.2060165),
Vector3.new(16.1994781, 3.94280243, -11.2862549),
Vector3.new(16.228302, 3.87325048, -8.84895325),
Vector3.new(15.21035, 5.16236734, -9.15746307),
Vector3.new(15.0648117, 5.19185925, -7.17184448),
Vector3.new(15.2232666, 4.98533869, -5.74385834),
Vector3.new(15.6562805, 4.33819723, -4.29818726),
Vector3.new(15.954155, 3.9445672, -4.50344849),
Vector3.new(16.228302, 3.87325048, -8.84895325),
Vector3.new(15.21035, 5.16236734, -9.15746307),
Vector3.new(15.3901978, 4.94301796, -10.7418823),
Vector3.new(14.6008148, 5.11252642, -10.5756683),
Vector3.new(13.8442001, 5.15213156, -10.5389023),
Vector3.new(12.5395279, 5.23021317, -10.351593),
Vector3.new(11.1461563, 5.19275045, -10.4687729),
Vector3.new(10.4011154, 5.16149473, -10.5692062),
Vector3.new(9.70843506, 5.0487299, -10.7713547),
Vector3.new(9.69405365, 5.17878771, -9.17545319),
Vector3.new(11.1076431, 5.35947466, -9.1647644),
Vector3.new(12.5170517, 5.45319843, -9.16611481),
Vector3.new(13.8810577, 5.3307476, -9.20565033),
Vector3.new(15.21035, 5.16236734, -9.15746307),
Vector3.new(15.0648117, 5.19185925, -7.17184448),
Vector3.new(13.8724365, 5.74419069, -7.38412476),
Vector3.new(12.549736, 5.74521065, -7.53330994),
Vector3.new(11.2634659, 5.74266005, -7.68406677),
Vector3.new(10.2313995, 5.34109735, -7.61911774),
Vector3.new(9.69405365, 5.17878771, -9.17545319),
Vector3.new(10.2313995, 5.34109735, -7.61911774),
Vector3.new(9.98878479, 5.11902952, -5.66519165),
Vector3.new(9.31177521, 4.25019836, -4.21282959),
Vector3.new(9.05721283, 4.03237438, -6.31504059),
Vector3.new(9.31177521, 4.25019836, -4.21282959),
Vector3.new(9.61834717, 4.51692724, -4.0837326),
Vector3.new(9.79103088, 4.22064018, -3.27125549),
Vector3.new(10.8772125, 4.10633326, -2.6668396),
Vector3.new(12.5842972, 4.11169577, -2.42417145),
Vector3.new(14.2666855, 4.07090807, -2.71669769),
Vector3.new(15.3319931, 4.16370535, -3.34346008),
Vector3.new(15.6562805, 4.33819723, -4.29818726),
Vector3.new(15.2232666, 4.98533869, -5.74385834),
Vector3.new(12.5634155, 5.31167364, -5.63101959),
Vector3.new(9.98878479, 5.11902952, -5.66519165)}
