return {Vector3.new(-25.3562088, 6.85414839, -3.69954681),
Vector3.new(-23.6566162, 7.00527191, -2.08733368),
Vector3.new(-22.1269264, 7.18287897, -1.07019806),
Vector3.new(-20.4709854, 7.29125261, -0.110031128),
Vector3.new(-18.397644, 7.35463476, 0.767181396),
Vector3.new(-16.778244, 7.50130653, 1.31230927),
Vector3.new(-14.5288162, 7.56225491, 1.76765442),
Vector3.new(-11.7994308, 7.61486483, 1.99465942),
Vector3.new(6.88977051, 7.26530743, 1.96053314),
Vector3.new(7.21899414, 7.34564972, 1.53193665),
Vector3.new(7.21369934, 7.33400965, -9.01864624),
Vector3.new(6.83476257, 7.26740837, -9.39073181),
Vector3.new(-13.0534058, 7.60892153, -9.34326172),
Vector3.new(-14.8614044, 7.56276989, -9.15734863),
Vector3.new(-16.6543274, 7.51051807, -8.7721405),
Vector3.new(-18.6635818, 7.31790018, -8.08552551),
Vector3.new(-20.5858154, 7.24257994, -7.26589203),
Vector3.new(-21.9707413, 7.16501665, -6.49654388),
Vector3.new(-22.9825439, 7.06365347, -5.83394623),
Vector3.new(-23.9825706, 6.95693541, -5.11951447),
Vector3.new(-24.6743698, 6.8770504, -4.56259155),
Vector3.new(-25.3562088, 6.85414839, -3.69954681),
Vector3.new(-16.7975197, 7.77625847, -3.92848969),
Vector3.new(-16.7506561, 7.80749369, -5.80445099),
Vector3.new(-14.8614044, 7.56276989, -9.15734863),
Vector3.new(-16.7506561, 7.80749369, -5.80445099),
Vector3.new(-16.7975197, 7.77625847, -3.92848969),
Vector3.new(-16.7703934, 7.79370117, -1.62184906),
Vector3.new(-16.7703934, 7.79370117, -1.62184906),
Vector3.new(-14.5288162, 7.56225491, 1.76765442),
Vector3.new(-16.7703934, 7.79370117, -1.62184906),
Vector3.new(-16.7975197, 7.77625847, -3.92848969),
Vector3.new(-25.3562088, 6.85414839, -3.69954681),
Vector3.new(-22.3822632, 5.23645926, -3.74839783),
Vector3.new(-19.5006065, 4.04554987, -4.13768768),
Vector3.new(-16.0445671, 2.83907485, -3.81557465),
Vector3.new(1.03179932, 2.85080814, -3.76438141),
Vector3.new(6.67451477, 2.60812497, -3.66784668),
Vector3.new(7.51237488, 3.68053532, -3.76409912),
Vector3.new(7.63538361, 3.79986167, -4.47515869),
Vector3.new(8.51306152, 5.00820065, -4.47168732),
Vector3.new(8.50646973, 5.1120162, -2.93714142),
Vector3.new(7.66960144, 3.81574082, -3.02403259),
Vector3.new(7.51237488, 3.68053532, -3.76409912),
Vector3.new(8.65988922, 4.95603895, -3.73319244),
Vector3.new(7.36634827, 7.28922892, -3.74350739),
Vector3.new(7.21899414, 7.34564972, 1.53193665),
Vector3.new(7.74243164, 6.4481616, 1.54150391),
Vector3.new(7.91703033, 5.46669149, 1.42699432),
Vector3.new(7.63516235, 4.95154333, 1.11787415),
Vector3.new(7.34693909, 4.50886583, 0.40461731),
Vector3.new(7.15661621, 4.1111207, -0.366996765),
Vector3.new(7.26329803, 3.88730097, -1.5137558),
Vector3.new(7.66960144, 3.81574082, -3.02403259),
Vector3.new(7.51237488, 3.68053532, -3.76409912),
Vector3.new(7.63538361, 3.79986167, -4.47515869),
Vector3.new(7.17012024, 3.82944179, -5.98799896),
Vector3.new(7.1047287, 4.03642607, -6.93048859),
Vector3.new(7.30850983, 4.39715052, -7.59751892),
Vector3.new(7.59272766, 4.86031246, -8.3870697),
Vector3.new(7.91233063, 5.34939766, -8.76899719),
Vector3.new(7.55540466, 6.39494467, -9.21995544),
Vector3.new(7.21369934, 7.33400965, -9.01864624),
Vector3.new(7.55540466, 6.39494467, -9.21995544),
Vector3.new(7.91233063, 5.34939766, -8.76899719),
Vector3.new(-13.2371292, 5.56190825, -9.1673584),
Vector3.new(-15.7416611, 5.51816416, -8.66943359),
Vector3.new(-17.7959862, 5.56930876, -7.88587952),
Vector3.new(-19.5465508, 5.61294413, -6.98607635),
Vector3.new(-20.9852104, 5.63152313, -6.00611877),
Vector3.new(-22.5963058, 5.65546703, -4.68981171),
Vector3.new(-23.4660606, 5.65543699, -3.70896912),
Vector3.new(-22.4768562, 5.70965576, -2.52674103),
Vector3.new(-21.1260185, 5.67456865, -1.50132751),
Vector3.new(-19.6372871, 5.62481117, -0.491836548),
Vector3.new(-18.1972694, 5.60220766, 0.283332825),
Vector3.new(-17.0043831, 5.58769226, 0.79826355),
Vector3.new(-15.5017166, 5.61253881, 1.32006073),
Vector3.new(-13.6088104, 5.57485342, 1.69017792),
Vector3.new(-11.9171295, 5.49356985, 1.83792114),
Vector3.new(7.91703033, 5.46669149, 1.42699432),
Vector3.new(7.74243164, 6.4481616, 1.54150391),
Vector3.new(7.21899414, 7.34564972, 1.53193665),
Vector3.new(4.96783447, 7.42192507, 2.11403656),
Vector3.new(5.04556274, 5.36397982, 1.70392609),
Vector3.new(4.91580963, 4.13143015, 0.089630127),
Vector3.new(5.27895355, 3.46389675, -1.45287323),
Vector3.new(4.32843018, 3.35157943, -5.54089355),
Vector3.new(4.08492279, 4.05397892, -7.40026855),
Vector3.new(4.15381622, 5.08572817, -8.97962189),
Vector3.new(4.25735474, 7.37127972, -9.53458405),
Vector3.new(1.8780899, 7.4650712, -9.52890015),
Vector3.new(1.7269516, 4.76475286, -8.70252228),
Vector3.new(1.61115265, 3.9049027, -7.19745636),
Vector3.new(1.4146347, 3.29377747, -5.68618774),
Vector3.new(1.40507507, 3.02528596, -2.52562714),
Vector3.new(1.46129608, 3.5762589, -0.853569031),
Vector3.new(1.45343781, 4.64022446, 1.0604248),
Vector3.new(1.52106476, 5.89572716, 1.8686142),
Vector3.new(1.66230011, 7.41234398, 2.12007141),
Vector3.new(-1.53701782, 7.57294941, 2.0928421),
Vector3.new(-1.65175629, 5.42847395, 1.82015228),
Vector3.new(-1.7385025, 4.43719578, 0.806144714),
Vector3.new(-1.76284027, 3.53183794, -0.751434326),
Vector3.new(-1.59004211, 2.94884825, -3.08297729),
Vector3.new(-1.46694183, 3.00051355, -4.77913666),
Vector3.new(-1.30863953, 3.47584176, -6.37879944),
Vector3.new(-1.44774628, 4.25777006, -7.94371033),
Vector3.new(-1.53902435, 5.62146139, -9.27101135),
Vector3.new(-1.65467834, 7.50358486, -9.52046967),
Vector3.new(-3.95326233, 7.4873991, -9.51498413),
Vector3.new(-4.13504028, 5.47129822, -9.28390503),
Vector3.new(-3.93566895, 4.18042707, -7.87556458),
Vector3.new(-4.08564758, 3.21127272, -6.02064514),
Vector3.new(-4.18421936, 2.84314156, -4.50891876),
Vector3.new(-4.08267975, 2.85035849, -3.35796356),
Vector3.new(-3.57061005, 3.58993721, -0.585723877),
Vector3.new(-3.88705444, 4.51671648, 0.958786011),
Vector3.new(-3.86606598, 5.43947887, 1.84874725),
Vector3.new(-3.59722137, 7.6114831, 2.10269165),
Vector3.new(-6.59765625, 7.62807655, 2.13515472),
Vector3.new(-6.6476593, 5.35866022, 1.87877655),
Vector3.new(-6.68626404, 4.41427565, 0.851737976),
Vector3.new(-6.79283905, 3.41410875, -0.813362122),
Vector3.new(-7.47145081, 2.73972654, -3.13915253),
Vector3.new(-7.3801651, 2.7421782, -4.45824432),
Vector3.new(-7.3116684, 3.16554642, -6.04891968),
Vector3.new(-7.49287415, 4.05972338, -7.74625397),
Vector3.new(-7.42762756, 5.44716024, -9.28729248),
Vector3.new(-7.56786346, 7.55061007, -9.50635529),
Vector3.new(-10.1439362, 7.57850218, -9.50020599),
Vector3.new(-10.2522659, 5.3592658, -9.2594986),
Vector3.new(-10.4745407, 4.04326868, -7.73426056),
Vector3.new(-10.5129013, 3.23399925, -6.28376007),
Vector3.new(-10.2485428, 2.70565891, -4.39009857),
Vector3.new(-10.5258942, 2.70565891, -3.28940582),
Vector3.new(-10.6005096, 3.07069826, -1.56765747),
Vector3.new(-10.8783112, 4.38160515, 0.819015503),
Vector3.new(-10.8274689, 5.53019953, 1.96537018),
Vector3.new(-10.853241, 7.54168701, 2.14292908),
Vector3.new(-13.6150589, 7.54042292, 1.99417114),
Vector3.new(-13.6088104, 5.57485342, 1.69017792),
Vector3.new(-13.41745, 4.20806837, 0.370704651),
Vector3.new(-13.1498337, 3.37843251, -1.01451874),
Vector3.new(-13.2390442, 2.90160322, -2.18037415),
Vector3.new(-13.3595352, 2.70565915, -3.55924988),
Vector3.new(-13.4386368, 2.70565915, -4.22595215),
Vector3.new(-13.6270142, 3.24495625, -6.07396698),
Vector3.new(-13.6442032, 4.24219751, -7.80504608),
Vector3.new(-14.0178909, 5.68139076, -9.16506958),
Vector3.new(-13.9844971, 7.59215403, -9.3983078),
Vector3.new(-16.6543274, 7.51051807, -8.7721405),
Vector3.new(-16.7561722, 4.3503418, -6.93125153),
Vector3.new(-17.0036392, 3.46236277, -5.09211731),
Vector3.new(-17.5312271, 3.19805551, -3.91699982),
Vector3.new(-17.49189, 3.44821906, -2.7414093),
Vector3.new(-17.3289719, 4.09935713, -1.22719574),
Vector3.new(-18.1972694, 5.60220766, 0.283332825),
Vector3.new(-18.397644, 7.35463476, 0.767181396),
Vector3.new(-20.4709854, 7.29125261, -0.110031128),
Vector3.new(-22.1269264, 7.18287897, -1.07019806),
Vector3.new(-21.6914978, 5.54428864, -1.74225616),
Vector3.new(-21.7293625, 4.81044149, -3.72895813),
Vector3.new(-21.3737221, 5.31717157, -5.99029541),
Vector3.new(-22.1892242, 6.97899485, -6.90600586),
Vector3.new(-22.9825439, 7.06365347, -5.83394623),
Vector3.new(-23.9825706, 6.95693541, -5.11951447),
Vector3.new(-24.6743698, 6.8770504, -4.56259155),
Vector3.new(-25.3562088, 6.85414839, -3.69954681),
Vector3.new(-16.7975197, 7.77625847, -3.92848969),
Vector3.new(-15.6854324, 8.55943203, -3.87281799),
Vector3.new(-15.7248383, 8.53089714, -5.06038666),
Vector3.new(-15.650322, 8.64349842, -7.24497223),
Vector3.new(-15.2744522, 8.69537163, -8.2907486),
Vector3.new(-13.9001389, 8.39880657, -8.97062683),
Vector3.new(-9.1434021, 8.25016975, -9.12199402),
Vector3.new(-12.2986603, 9.78701401, -8.73763275),
Vector3.new(-13.9001389, 8.39880657, -8.97062683),
Vector3.new(-12.2986603, 9.78701401, -8.73763275),
Vector3.new(-13.2551956, 9.89333439, -7.9225235),
Vector3.new(-13.6729813, 9.90773487, -6.88448334),
Vector3.new(-13.7736511, 9.90489483, -5.14263916),
Vector3.new(-15.7248383, 8.53089714, -5.06038666),
Vector3.new(-13.7736511, 9.90489483, -5.14263916),
Vector3.new(-13.7523956, 9.92045879, -4.39694214),
Vector3.new(-13.782402, 9.90442562, -2.37503815),
Vector3.new(-15.7128067, 8.54828072, -2.35620117),
Vector3.new(-15.6854324, 8.55943203, -3.87281799),
Vector3.new(-15.7128067, 8.54828072, -2.35620117),
Vector3.new(-13.782402, 9.90442562, -2.37503815),
Vector3.new(-13.7501678, 9.89864826, -1.16319275),
Vector3.new(-13.4597321, 9.90469742, 0.0905456543),
Vector3.new(-12.9582672, 9.89086819, 0.836799622),
Vector3.new(-12.2836685, 9.77078629, 1.31293488),
Vector3.new(-11.3317795, 9.37419891, 1.39237976),
Vector3.new(-9.87999725, 8.71382236, 1.48381805),
Vector3.new(-8.9694519, 8.1666832, 1.69404602),
Vector3.new(-13.797081, 8.29624271, 1.5918045),
Vector3.new(-12.2836685, 9.77078629, 1.31293488),
Vector3.new(-13.797081, 8.29624271, 1.5918045),
Vector3.new(-14.626442, 8.83983803, 1.126091),
Vector3.new(-15.0995789, 8.92538071, 0.503837585),
Vector3.new(-15.381813, 8.82539177, -0.226226807),
Vector3.new(-15.7128067, 8.54828072, -2.35620117),
Vector3.new(-15.7248383, 8.53089714, -5.06038666),
Vector3.new(-15.650322, 8.64349842, -7.24497223),
Vector3.new(-15.2744522, 8.69537163, -8.2907486),
Vector3.new(-13.9001389, 8.39880657, -8.97062683),
Vector3.new(-9.1434021, 8.25016975, -9.12199402),
Vector3.new(7.21369934, 7.33400965, -9.01864624),
Vector3.new(7.21899414, 7.34564972, 1.53193665),
Vector3.new(-8.9694519, 8.1666832, 1.69404602),
Vector3.new(0.938232422, 7.81430912, 1.44525909),
Vector3.new(0.991378784, 7.73324585, -8.76343536),
Vector3.new(7.21369934, 7.33400965, -9.01864624),
Vector3.new(7.21899414, 7.34564972, 1.53193665),
Vector3.new(0.938232422, 7.81430912, 1.44525909)}
