return {Vector3.new(-14.5995026, 1.43495762, -2.23729706),
Vector3.new(-14.5994949, 3.57449985, -2.40991211),
Vector3.new(-14.5994949, 3.54391766, -10.5712891),
Vector3.new(-14.5995026, 1.41311359, -10.7510986),
Vector3.new(-14.5995026, 1.43495762, -2.23729706),
Vector3.new(-14.5994949, 3.57449985, -2.40991211),
Vector3.new(-9.19192505, 4.36915636, -2.40000153),
Vector3.new(-9.193367, 4.40864134, -10.5750198),
Vector3.new(-14.5994949, 3.54391766, -10.5712891),
Vector3.new(-14.5995026, 1.41311359, -10.7510986),
Vector3.new(-13.4783401, 1.56070828, -10.9979477),
Vector3.new(-13.3655853, 2.33188152, -10.9999313),
Vector3.new(-13.0368576, 2.96116304, -10.9999313),
Vector3.new(-12.4389648, 3.41371202, -10.9999313),
Vector3.new(-11.7874451, 3.76232052, -10.9999313),
Vector3.new(-11.0618896, 3.82805014, -10.9999313),
Vector3.new(-10.2828369, 3.53275251, -10.9999313),
Vector3.new(-9.64871216, 2.91011548, -10.9999313),
Vector3.new(-9.3049469, 1.77524233, -10.6000061),
Vector3.new(-4.43482208, 2.10428309, -10.8000183),
Vector3.new(-4.42511749, 7.70974112, -10.5999985),
Vector3.new(-5.28194427, 7.73698473, -10.5999985),
Vector3.new(-8.59811401, 7.35366392, -10.5999985),
Vector3.new(-9.193367, 4.40864134, -10.5750198),
Vector3.new(-8.59811401, 7.35366392, -10.5999985),
Vector3.new(-8.60467529, 7.35207653, -2.43481445),
Vector3.new(-9.19192505, 4.36915636, -2.40000153),
Vector3.new(-8.60467529, 7.35207653, -2.43481445),
Vector3.new(-5.11872101, 7.77792311, -2.47836304),
Vector3.new(-4.42632294, 7.77792311, -2.41603851),
Vector3.new(-4.42511749, 7.70974112, -10.5999985),
Vector3.new(-4.39952087, 2.59878898, -11.1284866),
Vector3.new(-4.25969696, 2.65608501, -1.79999542),
Vector3.new(6.06169891, 2.57793593, -1.82601166),
Vector3.new(6.56733704, 3.32945919, -1.79999542),
Vector3.new(7.17899323, 3.70560789, -1.82260895),
Vector3.new(7.97540283, 3.88823223, -1.80622101),
Vector3.new(8.746315, 3.76171899, -1.79999542),
Vector3.new(9.50297546, 3.34084368, -1.79999542),
Vector3.new(9.96187592, 2.59590077, -1.79999542),
Vector3.new(9.93881226, 2.57793617, -3.8216629),
Vector3.new(9.54658508, 3.19163203, -3.77767944),
Vector3.new(8.82174683, 3.70563698, -3.8433075),
Vector3.new(8.02606201, 3.88812304, -3.76382446),
Vector3.new(7.09183502, 3.66298223, -3.64985657),
Vector3.new(6.13341522, 2.68854523, -3.69754791),
Vector3.new(6.06169891, 2.57793593, -1.82601166),
Vector3.new(6.56733704, 3.32945919, -1.79999542),
Vector3.new(7.17899323, 3.70560789, -1.82260895),
Vector3.new(7.97540283, 3.88823223, -1.80622101),
Vector3.new(8.746315, 3.76171899, -1.79999542),
Vector3.new(9.50297546, 3.34084368, -1.79999542),
Vector3.new(9.96187592, 2.59590077, -1.79999542),
Vector3.new(13.3801956, 2.60509419, -1.79999542),
Vector3.new(13.3972015, 2.57793593, -11.1631927),
Vector3.new(9.90828705, 2.62385106, -11.2000046),
Vector3.new(9.36263275, 3.50689507, -11.1999817),
Vector3.new(8.7416153, 3.9690156, -11.1999817),
Vector3.new(7.81668091, 4.00135946, -11.1999817),
Vector3.new(6.96074677, 3.7082963, -11.1999817),
Vector3.new(6.13489532, 2.75086403, -11.2000046),
Vector3.new(6.06373596, 2.57793593, -9.20117188),
Vector3.new(6.52909088, 3.2829144, -9.11952209),
Vector3.new(7.29205322, 3.76090693, -9.13035583),
Vector3.new(7.99271393, 3.89104128, -9.14002228),
Vector3.new(8.76195526, 3.73487902, -9.17868805),
Vector3.new(9.47090912, 3.28356385, -9.19824219),
Vector3.new(9.92477417, 2.57793617, -9.14538574),
Vector3.new(9.90828705, 2.62385106, -11.2000046),
Vector3.new(9.36263275, 3.50689507, -11.1999817),
Vector3.new(8.7416153, 3.9690156, -11.1999817),
Vector3.new(7.81668091, 4.00135946, -11.1999817),
Vector3.new(6.96074677, 3.7082963, -11.1999817),
Vector3.new(6.13489532, 2.75086403, -11.2000046),
Vector3.new(-4.39952087, 2.59878898, -11.1284866),
Vector3.new(-4.31877899, 4.77792311, -11.2590485),
Vector3.new(13.6128922, 4.77801847, -11.3965683),
Vector3.new(13.3972015, 2.57793593, -11.1631927),
Vector3.new(13.6128922, 4.77801847, -11.3965683),
Vector3.new(13.4708099, 4.77795172, -1.45778656),
Vector3.new(13.3801956, 2.60509419, -1.79999542),
Vector3.new(13.4708099, 4.77795172, -1.45778656),
Vector3.new(-4.70648956, 4.77792311, -1.60169983),
Vector3.new(-4.25969696, 2.65608501, -1.79999542),
Vector3.new(-4.70648956, 4.77792311, -1.60169983),
Vector3.new(-4.31877899, 4.77792311, -11.2590485),
Vector3.new(-4.70648956, 4.77792311, -1.60169983),
Vector3.new(-4.25969696, 2.65608501, -1.79999542),
Vector3.new(-9.17902374, 2.11037254, -1.99993896),
Vector3.new(-9.48999786, 2.71084046, -1.99993896),
Vector3.new(-9.84334564, 3.22916698, -1.99993896),
Vector3.new(-10.4555588, 3.66817522, -1.99993896),
Vector3.new(-11.153183, 3.81602812, -1.99993896),
Vector3.new(-11.8478012, 3.73396635, -1.99993896),
Vector3.new(-12.6829758, 3.42074704, -2.06171417),
Vector3.new(-13.1643982, 2.80990243, -1.99993896),
Vector3.new(-13.4367523, 1.92954516, -1.99993896),
Vector3.new(-13.3388062, 1.41435778, -1.99993896),
Vector3.new(-14.5995026, 1.43495762, -2.23729706),
Vector3.new(-14.5994949, 3.57449985, -2.40991211),
Vector3.new(-14.5994949, 3.54391766, -10.5712891),
Vector3.new(-14.5995026, 1.41311359, -10.7510986),
Vector3.new(-13.4783401, 1.56070828, -10.9979477),
Vector3.new(-13.3655853, 2.33188152, -10.9999313),
Vector3.new(-13.0368576, 2.96116304, -10.9999313),
Vector3.new(-12.4389648, 3.41371202, -10.9999313),
Vector3.new(-11.7874451, 3.76232052, -10.9999313),
Vector3.new(-11.0618896, 3.82805014, -10.9999313),
Vector3.new(-10.2828369, 3.53275251, -10.9999313),
Vector3.new(-9.64871216, 2.91011548, -10.9999313),
Vector3.new(-9.3049469, 1.77524233, -10.6000061),
Vector3.new(-4.39952087, 2.59878898, -11.1284866),
Vector3.new(-4.31877899, 4.77792311, -11.2590485),
Vector3.new(-4.39952087, 2.59878898, -11.1284866),
Vector3.new(-4.31877899, 4.77792311, -11.2590485),
Vector3.new(-8.79167175, 4.55887699, -10.8320694),
Vector3.new(-9.193367, 4.40864134, -10.5750198),
Vector3.new(-9.19192505, 4.36915636, -2.40000153),
Vector3.new(-4.65668488, 4.9279232, -2.34217072),
Vector3.new(-4.42632294, 7.77792311, -2.41603851),
Vector3.new(-8.60467529, 7.35207653, -2.43481445),
Vector3.new(-9.19192505, 4.36915636, -2.40000153),
Vector3.new(-4.70648956, 4.77792311, -1.60169983),
Vector3.new(-4.25969696, 2.65608501, -1.79999542)}
