return {Vector3.new(10.1847992, 4.35743284, 12.4000015),
Vector3.new(6.34873962, 6.45229721, 12.4000015),
Vector3.new(3.00602722, 8.09950733, 12.4000015),
Vector3.new(2.44946289, 8.07879066, 12.4000015),
Vector3.new(2.16752625, 7.44277811, 12.4000015),
Vector3.new(2.87791443, 3.93979144, 12.4000015),
Vector3.new(2.73412323, 3.66792774, 12.0057526),
Vector3.new(2.16937256, 3.06677079, 12.4000015),
Vector3.new(1.65608978, 3.00372148, 12.4000015),
Vector3.new(1.59359741, 4.2526083, 12.4000015),
Vector3.new(1.28269958, 5.71427727, 12.4000015),
Vector3.new(0.89414978, 6.70949602, 12.4000015),
Vector3.new(0.433540344, 7.14366245, 12.4000015),
Vector3.new(0.143066406, 6.85916901, 12.1089783),
Vector3.new(-0.504325867, 6.83964443, 12.4000015),
Vector3.new(-1.04801178, 6.94030476, 12.4000015),
Vector3.new(-1.06154633, 7.3452282, 12.1069946),
Vector3.new(-1.74338531, 7.38931513, 12.4000015),
Vector3.new(-2.15588379, 5.82417107, 12.4000015),
Vector3.new(-2.79557037, 4.10176659, 12.4000015),
Vector3.new(-3.50326538, 2.63830066, 12.4000015),
Vector3.new(-4.16667938, 1.63951814, 12.4000015),
Vector3.new(-5.37671661, 0.424235225, 12.4000015),
Vector3.new(-6.53411102, 2.81656051, 12.4000015),
Vector3.new(-5.65235901, 3.91856694, 12.4000015),
Vector3.new(-4.7223053, 5.46391678, 12.4000015),
Vector3.new(-4.20638275, 6.76491737, 12.4000015),
Vector3.new(-3.83124542, 8.04160595, 12.4000015),
Vector3.new(-3.79388428, 8.67031765, 12.4000015),
Vector3.new(-5.64801788, 8.86317539, 12.4000015),
Vector3.new(-6.10414886, 8.44263554, 12.4000015),
Vector3.new(-6.81611633, 8.70263863, 12.4000015),
Vector3.new(-7.78488922, 8.98602867, 12.4000015),
Vector3.new(-8.65467834, 9.13786125, 12.4000015),
Vector3.new(-10.4719849, 9.16742229, 12.4000015),
Vector3.new(-10.947876, 9.4947443, 12.4000015),
Vector3.new(-16.7249832, 9.5069437, 12.4000015),
Vector3.new(-17.1576691, 9.84774685, 12.4000015),
Vector3.new(-18.0233612, 9.84663486, 12.4000015),
Vector3.new(-17.3151093, 10.6747913, 12.4000015),
Vector3.new(-16.783699, 10.9286909, 12.4000015),
Vector3.new(-16.7592697, 12.8337698, 12.4000015),
Vector3.new(-16.1266022, 12.8855448, 12.4000015),
Vector3.new(-16.0203857, 11.8809347, 12.4000015),
Vector3.new(-15.7073975, 10.6936579, 12.4000015),
Vector3.new(-14.1481323, 10.7024288, 12.4000015),
Vector3.new(-13.3059006, 11.0710211, 12.4000015),
Vector3.new(-13.0446167, 11.898345, 12.4000015),
Vector3.new(-10.7927933, 11.9665117, 12.4000015),
Vector3.new(-10.151825, 12.2869463, 12.4000015),
Vector3.new(-7.21065521, 12.3760805, 12.4000015),
Vector3.new(-5.95346832, 12.6280451, 12.4000015),
Vector3.new(-5.32661438, 12.1843576, 12.4000015),
Vector3.new(1.98034668, 11.944252, 12.4000015),
Vector3.new(2.27748108, 11.4602385, 12.4000015),
Vector3.new(2.88048553, 10.8638248, 12.4000015),
Vector3.new(3.25165558, 10.4320383, 12.4000015),
Vector3.new(5.88079834, 10.0741415, 12.4000015),
Vector3.new(6.78990936, 10.1841774, 12.4000015),
Vector3.new(10.3910217, 9.146348, 12.4000015),
Vector3.new(10.2321243, 4.44409227, 12.3681793)}
