return {Vector3.new(-8.97388458, 3.15837598, 12.4000015),
Vector3.new(-8.26654816, 3.29828072, 12.4000015),
Vector3.new(-7.77721405, 3.17328238, 12.4000015),
Vector3.new(-7.68808746, 3.94623661, 12.4000015),
Vector3.new(-6.96633911, 4.13592148, 12.4000015),
Vector3.new(-6.65546417, 4.01183224, 12.0285721),
Vector3.new(-6.52006531, 3.32780743, 12.4000015),
Vector3.new(-5.92064667, 3.14367247, 12.4000015),
Vector3.new(-5.9769516, 3.20726418, 11.9072571),
Vector3.new(-5.17938232, 2.82672024, 12.4000015),
Vector3.new(-4.96858215, 4.50815868, 12.4000015),
Vector3.new(-4.68203735, 4.42109108, 11.9996109),
Vector3.new(-4.27545929, 4.51441526, 11.7239532),
Vector3.new(-3.89413452, 4.83624554, 11.7559052),
Vector3.new(-3.86247253, 3.42697048, 12.4000015),
Vector3.new(-2.74826813, 3.6738286, 12.4000015),
Vector3.new(-2.79354095, 4.89840603, 12.4000015),
Vector3.new(-2.04705811, 5.51134777, 12.4000015),
Vector3.new(0.856903076, 5.5490551, 12.4000015),
Vector3.new(0.858161926, 6.42551565, 12.4000015),
Vector3.new(4.11011505, 6.46443939, 12.4000015),
Vector3.new(4.33393097, 5.95016003, 12.4000015),
Vector3.new(4.8169632, 5.82391787, 12.3726273),
Vector3.new(5.41694641, 5.97974634, 12.4000015),
Vector3.new(5.82067871, 6.42272806, 12.4000015),
Vector3.new(6.63692474, 6.51623726, 12.4000015),
Vector3.new(6.6727829, 7.17465448, 12.4000015),
Vector3.new(-2.41075897, 7.17862558, 12.4000015),
Vector3.new(-2.30979156, 7.40678024, 11.9666977),
Vector3.new(-1.79083252, 7.51869488, 12.4000015),
Vector3.new(-0.989746094, 7.40281582, 12.4000015),
Vector3.new(-1.01055145, 8.43439388, 12.4000015),
Vector3.new(-1.72396851, 8.45917606, 12.4000015),
Vector3.new(-2.01944733, 8.15789032, 12.1318283),
Vector3.new(-2.94489288, 8.34797382, 12.4000015),
Vector3.new(-2.86965942, 8.35775185, 11.905777),
Vector3.new(-2.87378693, 8.15552998, 11.4485092),
Vector3.new(-2.83116913, 7.8226409, 11.0778732),
Vector3.new(-4.32475281, 8.28024864, 12.4000015),
Vector3.new(-4.32001495, 8.21984768, 11.9036865),
Vector3.new(-5.40449524, 8.39727211, 12.4000015),
Vector3.new(-5.37485504, 7.40455866, 12.4000015),
Vector3.new(-3.32312012, 7.49078655, 12.4000015),
Vector3.new(-3.18824005, 7.25483942, 11.9803085),
Vector3.new(-4.91420746, 7.23093319, 12.3124161),
Vector3.new(-5.08694458, 6.3968935, 12.4000015),
Vector3.new(-6.74750519, 6.24531317, 12.4000015),
Vector3.new(-6.60347748, 6.54574537, 12.0271683),
Vector3.new(-8.30853271, 6.57890177, 12.4000015),
Vector3.new(-8.89904785, 6.70664978, 12.4000015),
Vector3.new(-8.8506012, 3.41295195, 11.9877014)}
