--blood skull hockey

return {
	Vector3.new(0, 0, 0),
	Vector3.new(1.29144287, 0.328483582, 0),
	Vector3.new(3.84979248, -0.447425842, 0),
	Vector3.new(6.45147705, -1.19484711, 0),
	Vector3.new(9.17828369, -2.43069458, 0),
	Vector3.new(12.3155518, -4.29134369, 0),
	Vector3.new(12.9125977, -5.58859253, 0),
	Vector3.new(12.8092041, -8.32769012, 0),
	Vector3.new(11.9866943, -9.51679611, 0),
	Vector3.new(10.517334, -10.108654, 0),
	Vector3.new(9.41247559, -10.2784882, 0),
	Vector3.new(8.17480469, -11.424614, 0),
	Vector3.new(6.87908936, -12.1568832, 0),
	Vector3.new(3.65795898, -11.9695358, 0),
	Vector3.new(0.984924316, -11.0074348, 0),
	Vector3.new(-0.895324707, -9.37030411, 0),
	Vector3.new(-1.25415039, -7.28067017, 0),
	Vector3.new(-1.64825439, -5.43643188, 0),
	Vector3.new(-1.04760742, -3.35413361, 0),
	Vector3.new(-0.946105957, -1.42555237, 0),
	Vector3.new(-0.205505371, 0.0407485962, 0),
	Vector3.new(0.670410156, 1.52731323, 0),
	Vector3.new(1.97131348, 1.87940216, 0),
	Vector3.new(4.82232666, 1.91811371, 0),
	Vector3.new(7.9130249, 1.72406006, 0),
	Vector3.new(9.11529541, 1.21555328, 0),
	Vector3.new(10.1116333, 1.68544006, 0),
	Vector3.new(9.49591064, 2.71956635, 0),
	Vector3.new(8.19403076, 3.28257751, 0),
	Vector3.new(6.99682617, 3.69078064, 0),
	Vector3.new(7.32348633, 4.05591583, 0),
	Vector3.new(3.13220215, 3.8436203, 0),
	Vector3.new(5.03546143, 5.34672546, 0),
	Vector3.new(4.45269775, 5.83596802, 0),
	Vector3.new(1.68157959, 5.74058533, 0),
	Vector3.new(4.80639648, 8.31608582, 0),
	Vector3.new(1.8838501, 9.09418488, 0),
	Vector3.new(5.1640625, 11.523201, 0),
	Vector3.new(4.58825684, 12.3538818, 0),
	Vector3.new(1.60894775, 12.9165649, 0),
	Vector3.new(5.34790039, 15.0363617, 0),
	Vector3.new(4.72363281, 15.7765961, 0),
	Vector3.new(2.46942139, 15.9391556, 0),
	Vector3.new(5.97839355, 18.2579041, 0),
	Vector3.new(2.97650146, 19.113327, 0),
	Vector3.new(11.2802124, 23.5167999, 0),
	Vector3.new(10.6662598, 24.125, 0),
	Vector3.new(7.81298828, 23.1128082, 0),
	Vector3.new(1.00598145, 20.4898987, 0),
	Vector3.new(-1.03582764, 18.5188446, 0),
	Vector3.new(-3.06561279, 15.756134, 0),
	Vector3.new(-4.79168701, 13.0785828, 0),
	Vector3.new(-5.96160889, 10.0889893, 0),
	Vector3.new(-6.44042969, 6.75912476, 0),
	Vector3.new(-6.20135498, 3.64069366, 0),
	Vector3.new(-5.71655273, 0.976776123, 0),
	Vector3.new(-4.39788818, -0.716674805, 0),
	Vector3.new(-4.26672363, -1.4440155, 0),
	Vector3.new(-4.97796631, -1.15968323, 0),
	Vector3.new(-5.80187988, -0.0499420166, 0),
	Vector3.new(-6.3145752, 1.35830688, 0),
	Vector3.new(-6.93640137, 6.09466553, 0),
	Vector3.new(-6.43157959, 10.4260635, 0),
	Vector3.new(-5.05310059, 13.8117905, 0),
	Vector3.new(-1.32897949, 18.7388153, 0),
	Vector3.new(1.48400879, 21.615921, 0),
	Vector3.new(3.61474609, 23.0519104, 0),
	Vector3.new(6.92572021, 24.6265259, 0),
	Vector3.new(10.6602173, 25.753891, 0),
	Vector3.new(14.5866699, 26.2241592, 0),
	Vector3.new(19.2628784, 26.2502136, 0),
	Vector3.new(22.4556274, 25.7993393, 0),
	Vector3.new(26.4318848, 24.914093, 0),
	Vector3.new(30.6304321, 23.078331, 0),
	Vector3.new(33.8197021, 21.0666809, 0),
	Vector3.new(36.2437744, 19.2009048, 0),
	Vector3.new(37.7124634, 17.3878555, 0),
	Vector3.new(38.793396, 15.0799866, 0),
	Vector3.new(39.8973999, 12.5705109, 0),
	Vector3.new(40.5751953, 10.1115189, 0),
	Vector3.new(40.7456665, 7.03349304, 0),
	Vector3.new(40.6124878, 4.56163025, 0),
	Vector3.new(40.1740112, 0.678764343, 0),
	Vector3.new(39.4721069, -4.0281601, 0),
	Vector3.new(39.0430298, -4.22126007, 0),
	Vector3.new(39.0477905, -1.81189728, 0),
	Vector3.new(39.4470825, 2.86741638, 0),
	Vector3.new(39.7166138, 6.23310852, 0),
	Vector3.new(39.8218384, 9.14891815, 0),
	Vector3.new(39.1374512, 11.8955841, 0),
	Vector3.new(37.6915283, 15.7746353, 0),
	Vector3.new(35.9614258, 18.2787323, 0),
	Vector3.new(33.9851685, 19.6551361, 0),
	Vector3.new(31.9719238, 21.0354614, 0),
	Vector3.new(30.9800415, 21.3014069, 0),
	Vector3.new(30.7370605, 21.0417633, 0),
	Vector3.new(31.0558472, 20.2003174, 0),
	Vector3.new(32.1100464, 18.3630524, 0),
	Vector3.new(33.3123169, 16.7801361, 0),
	Vector3.new(33.9093018, 14.7638626, 0),
	Vector3.new(36.2163086, 12.6655807, 0),
	Vector3.new(34.0369873, 11.6201782, 0),
	Vector3.new(35.6367188, 9.20980835, 0),
	Vector3.new(33.8964844, 8.18222046, 0),
	Vector3.new(35.0236816, 6.31973267, 0),
	Vector3.new(33.5472412, 5.5443573, 0),
	Vector3.new(33.8156738, 3.65846252, 0),
	Vector3.new(31.666748, 3.14447784, 0),
	Vector3.new(31.480957, 2.56864929, 0),
	Vector3.new(31.9641724, 1.87168884, 0),
	Vector3.new(34.2924194, 1.11026001, 0),
	Vector3.new(35.4164429, 0.579833984, 0),
	Vector3.new(34.0153198, -0.674194336, 0),
	Vector3.new(32.5314941, -0.0943984985, 0),
	Vector3.new(30.2141113, -0.46459198, 0),
	Vector3.new(27.651062, -0.639389038, 0),
	Vector3.new(25.4502563, -1.76242065, 0),
	Vector3.new(22.6183472, -3.24685669, 0),
	Vector3.new(21.3729858, -3.87077332, 0),
	Vector3.new(20.9864502, -6.17063904, 0),
	Vector3.new(21.2614746, -8.69831467, 0),
	Vector3.new(21.8120117, -9.76723862, 0),
	Vector3.new(23.1360474, -10.3459663, 0),
	Vector3.new(24.7054443, -11.056179, 0),
	Vector3.new(26.5984497, -12.1127243, 0),
	Vector3.new(27.5115967, -12.7591934, 0),
	Vector3.new(31.2260132, -12.5737534, 0),
	Vector3.new(32.9243774, -11.7336159, 0),
	Vector3.new(34.8662109, -10.2295799, 0),
	Vector3.new(36.0626831, -8.57829666, 0),
	Vector3.new(35.9175415, -5.68447876, 0),
	Vector3.new(35.4581299, -3.25166321, 0),
	Vector3.new(34.5249634, -1.0832901, 0),
	Vector3.new(34.34552, -0.712905884, 0),
	Vector3.new(35.611145, 0.527275085, 0),
	Vector3.new(36.3535767, -0.868041992, 0),
	Vector3.new(36.8884888, -1.92776489, 0),
	Vector3.new(37.2665405, -3.58211517, 0),
	Vector3.new(37.463501, -5.4029541, 0),
	Vector3.new(37.5809937, -7.2122345, 0),
	Vector3.new(37.5836182, -8.53330612, 0),
	Vector3.new(37.8024902, -9.97437286, 0),
	Vector3.new(37.9727783, -11.2752304, 0),
	Vector3.new(38.6019287, -12.3812714, 0),
	Vector3.new(38.9935303, -13.0947456, 0),
	Vector3.new(38.4294434, -14.8443527, 0),
	Vector3.new(37.7480469, -16.0374222, 0),
	Vector3.new(36.6464233, -17.0278969, 0),
	Vector3.new(34.1588135, -16.861599, 0),
	Vector3.new(32.2596436, -17.0243416, 0),
	Vector3.new(30.4780273, -17.9129677, 0),
	Vector3.new(29.3829956, -18.6112976, 0),
	Vector3.new(27.2388916, -18.767067, 0),
	Vector3.new(26.9457397, -19.215744, 0),
	Vector3.new(27.7097168, -20.3316765, 0),
	Vector3.new(27.6287231, -21.5140495, 0),
	Vector3.new(26.9083862, -24.1209297, 0),
	Vector3.new(25.184021, -24.9228363, 0),
	Vector3.new(23.9954834, -25.0312271, 0),
	Vector3.new(20.9036865, -25.1767197, 0),
	Vector3.new(18.3379517, -25.0681877, 0),
	Vector3.new(16.8955688, -25.1501732, 0),
	Vector3.new(16.9800415, -19.6526718, 0),
	Vector3.new(17.890625, -20.091507, 0),
	Vector3.new(19.2196045, -20.2702942, 0),
	Vector3.new(20.661499, -19.8946304, 0),
	Vector3.new(21.2185669, -18.6718445, 0),
	Vector3.new(21.3961182, -16.5423203, 0),
	Vector3.new(21.3738403, -14.6662865, 0),
	Vector3.new(19.7840576, -12.565834, 0),
	Vector3.new(18.682312, -11.0034485, 0),
	Vector3.new(17.8349609, -9.88990402, 0),
	Vector3.new(17.4143677, -9.01828384, 0),
	Vector3.new(16.5852661, -9.11000443, 0),
	Vector3.new(16.2068481, -10.0158005, 0),
	Vector3.new(15.0498657, -11.2064972, 0),
	Vector3.new(13.5490723, -13.5646133, 0),
	Vector3.new(12.5137329, -15.421627, 0),
	Vector3.new(12.4414673, -17.1887589, 0),
	Vector3.new(12.7324219, -18.9410553, 0),
	Vector3.new(13.3192749, -20.0305481, 0),
	Vector3.new(14.7958374, -20.4418411, 0),
	Vector3.new(16.1593628, -20.023838, 0),
	Vector3.new(16.7678223, -19.645256, 0),
	Vector3.new(16.6804199, -25.2265396, 0),
	Vector3.new(14.3201904, -25.2518387, 0),
	Vector3.new(12.6689453, -25.087986, 0),
	Vector3.new(9.92633057, -24.943428, 0),
	Vector3.new(8.78710938, -25.1481781, 0),
	Vector3.new(7.75701904, -25.5195007, 0),
	Vector3.new(6.793396, -26.0697861, 0),
	Vector3.new(7.04650879, -26.920269, 0),
	Vector3.new(8.29510498, -27.2177429, 0),
	Vector3.new(9.22143555, -27.7445908, 0),
	Vector3.new(10.4562378, -28.3430786, 0),
	Vector3.new(11.0479126, -27.8133545, 0),
	Vector3.new(11.2134399, -26.2858734, 0),
	Vector3.new(11.151123, -27.9775658, 0),
	Vector3.new(11.6747437, -28.8107262, 0),
	Vector3.new(13.1344604, -28.512413, 0),
	Vector3.new(13.489502, -27.540535, 0),
	Vector3.new(13.491394, -26.6384048, 0),
	Vector3.new(13.7451782, -28.5260849, 0),
	Vector3.new(14.1291504, -28.9792099, 0),
	Vector3.new(15.7651978, -28.8495789, 0),
	Vector3.new(16.7325439, -28.7042809, 0),
	Vector3.new(16.8154297, -27.4453506, 0),
	Vector3.new(17.1064453, -28.824482, 0),
	Vector3.new(18.0557861, -28.9585419, 0),
	Vector3.new(19.4873047, -28.6673393, 0),
	Vector3.new(20.0072632, -27.7326355, 0),
	Vector3.new(20.2579956, -26.8996811, 0),
	Vector3.new(20.1752319, -28.0625801, 0),
	Vector3.new(20.5429688, -28.5265503, 0),
	Vector3.new(21.8890991, -28.5961151, 0),
	Vector3.new(23.0193481, -28.2296371, 0),
	Vector3.new(23.0212402, -26.8099861, 0),
	Vector3.new(23.3271484, -28.3477097, 0),
	Vector3.new(24.6509399, -27.5999527, 0),
	Vector3.new(25.7637329, -27.184288, 0),
	Vector3.new(26.2595215, -26.8143463, 0),
	Vector3.new(25.4190063, -25.9482498, 0),
	Vector3.new(24.3047485, -25.1519203, 0),
	Vector3.new(25.4362793, -24.9114151, 0),
	Vector3.new(27.0839844, -24.1719742, 0),
	Vector3.new(27.6699219, -21.7935486, 0),
	Vector3.new(28.6915283, -21.3779831, 0),
	Vector3.new(29.8764648, -20.2800293, 0),
	Vector3.new(30.1464233, -20.1451454, 0),
	Vector3.new(29.93573, -21.8556442, 0),
	Vector3.new(28.7825928, -23.7408524, 0),
	Vector3.new(28.5541992, -24.6461601, 0),
	Vector3.new(28.5771484, -26.3177834, 0),
	Vector3.new(29.6342163, -24.9685135, 0),
	Vector3.new(30.2655029, -23.7070084, 0),
	Vector3.new(30.8399658, -22.1476898, 0),
	Vector3.new(31.6555176, -21.62994, 0),
	Vector3.new(32.6066895, -21.8256569, 0),
	Vector3.new(32.5723267, -23.0358429, 0),
	Vector3.new(32.1705322, -24.5900345, 0),
	Vector3.new(31.8503418, -25.7320862, 0),
	Vector3.new(31.7609253, -27.1865921, 0),
	Vector3.new(31.5487671, -29.5620842, 0),
	Vector3.new(31.4735718, -32.467308, 0),
	Vector3.new(31.1073608, -33.2801514, 0),
	Vector3.new(29.5880127, -34.6593323, 0),
	Vector3.new(28.682373, -35.5603027, 0),
	Vector3.new(29.3389893, -36.7131958, 0),
	Vector3.new(31.1619263, -35.1655426, 0),
	Vector3.new(32.4355469, -34.4602623, 0),
	Vector3.new(33.7982788, -33.0374222, 0),
	Vector3.new(34.184082, -26.1540833, 0),
	Vector3.new(34.4743042, -20.8783493, 0),
	Vector3.new(35.432251, -18.9483604, 0),
	Vector3.new(36.4544678, -18.9535027, 0),
	Vector3.new(39.6221313, -18.757122, 0),
	Vector3.new(40.9752197, -17.1600838, 0),
	Vector3.new(41.0749512, -14.9415588, 0),
	Vector3.new(41.809021, -14.0265846, 0),
	Vector3.new(41.8615112, -11.1938896, 0),
	Vector3.new(40.9839478, -9.85895157, 0),
	Vector3.new(40.3817139, -8.21274567, 0),
	Vector3.new(40.5490723, -5.38809204, 0),
	Vector3.new(41.7246094, 0.831199646, 0),
	Vector3.new(42.2630005, 6.19685364, 0),
	Vector3.new(42.0385132, 10.8705139, 0),
	Vector3.new(40.0698853, 16.2503204, 0),
	Vector3.new(37.6209106, 19.5704193, 0),
	Vector3.new(33.4630737, 22.973877, 0),
	Vector3.new(29.527832, 25.0235901, 0),
	Vector3.new(24.9118042, 26.5579147, 0),
	Vector3.new(20.7578125, 27.0432587, 0),
	Vector3.new(16.4837036, 27.1221924, 0),
	Vector3.new(12.9545898, 26.7839661, 0),
	Vector3.new(9.52972412, 26.3180695, 0),
	Vector3.new(5.79675293, 25.0718613, 0),
	Vector3.new(2.52587891, 23.5412369, 0),
	Vector3.new(-0.00115966797, 21.8216248, 0),
	Vector3.new(-2.38690186, 19.6664886, 0),
	Vector3.new(-4.77056885, 16.5932846, 0),
	Vector3.new(-6.39373779, 14.0680771, 0),
	Vector3.new(-7.69989014, 10.9398651, 0),
	Vector3.new(-8.07775879, 8.67797089, 0),
	Vector3.new(-8.20397949, 5.73260498, 0),
	Vector3.new(-7.75292969, 2.19398499, 0),
	Vector3.new(-7.25964355, -0.58732605, 0),
	Vector3.new(-6.45135498, -3.43292999, 0),
	Vector3.new(-6.14550781, -4.29545593, 0),
	Vector3.new(-6.13916016, -7.4932251, 0),
	Vector3.new(-6.64508057, -8.11999512, 0),
	Vector3.new(-6.22814941, -9.02667236, 0),
	Vector3.new(-5.80987549, -9.62448502, 0),
	Vector3.new(-6.2635498, -10.4841003, 0),
	Vector3.new(-7.49005127, -12.4698868, 0),
	Vector3.new(-7.4987793, -13.8252487, 0),
	Vector3.new(-7.07775879, -16.112011, 0),
	Vector3.new(-6.1807251, -18.0111046, 0),
	Vector3.new(-5.39038086, -18.9895096, 0),
	Vector3.new(-3.69451904, -19.6620216, 0),
	Vector3.new(-2.74169922, -18.8871193, 0),
	Vector3.new(-1.83721924, -19.6294785, 0),
	Vector3.new(-1.3772583, -19.998867, 0),
	Vector3.new(-1.02648926, -21.6190491, 0),
	Vector3.new(-0.714782715, -25.0094643, 0),
	Vector3.new(-0.685058594, -31.4116745, 0),
	Vector3.new(-0.496276855, -33.3089676, 0),
	Vector3.new(1.55090332, -34.6431885, 0),
	Vector3.new(3.07446289, -35.9049301, 0),
	Vector3.new(4.91900635, -37.5364189, 0),
	Vector3.new(5.97821045, -38.9853249, 0),
	Vector3.new(8.28405762, -40.5568581, 0),
	Vector3.new(10.5066528, -41.7233658, 0),
	Vector3.new(13.3513794, -41.9866257, 0),
	Vector3.new(16.1713867, -41.6872978, 0),
	Vector3.new(21.4456177, -42.2145386, 0),
	Vector3.new(23.4984131, -41.2197266, 0),
	Vector3.new(29.208252, -36.7419739, 0),
	Vector3.new(28.505249, -35.5143661, 0),
	Vector3.new(28.727417, -32.5931854, 0),
	Vector3.new(28.909729, -31.066658, 0),
	Vector3.new(28.2261963, -30.385437, 0),
	Vector3.new(27.1483154, -31.8393059, 0),
	Vector3.new(27.0570068, -34.2962189, 0),
	Vector3.new(26.0066528, -37.641983, 0),
	Vector3.new(24.0787354, -39.6311836, 0),
	Vector3.new(22.1105957, -40.53508, 0),
	Vector3.new(19.5777588, -40.8216705, 0),
	Vector3.new(16.5521851, -40.4817009, 0),
	Vector3.new(13.8980713, -40.9320526, 0),
	Vector3.new(10.9829102, -40.7474213, 0),
	Vector3.new(8.52935791, -39.1040421, 0),
	Vector3.new(7.50183105, -37.9172096, 0),
	Vector3.new(6.64678955, -34.9748993, 0),
	Vector3.new(5.09210205, -31.1088181, 0),
	Vector3.new(4.69213867, -31.4262505, 0),
	Vector3.new(4.90698242, -33.7996902, 0),
	Vector3.new(5.36798096, -35.6263428, 0),
	Vector3.new(4.7243042, -36.1134262, 0),
	Vector3.new(1.95556641, -33.1882439, 0),
	Vector3.new(1.54711914, -28.2878723, 0),
	Vector3.new(0.828063965, -23.3731842, 0),
	Vector3.new(1.03356934, -20.4452248, 0),
	Vector3.new(1.82006836, -20.6067734, 0),
	Vector3.new(2.90167236, -22.1528511, 0),
	Vector3.new(3.50775146, -24.0848732, 0),
	Vector3.new(4.75036621, -25.7159424, 0),
	Vector3.new(4.15338135, -22.7008171, 0),
	Vector3.new(3.23492432, -20.6977386, 0),
	Vector3.new(3.63452148, -20.0902405, 0),
	Vector3.new(4.87640381, -21.0199318, 0),
	Vector3.new(5.17498779, -22.4778442, 0),
	Vector3.new(5.5501709, -24.2496872, 0),
	Vector3.new(5.06219482, -26.0270386, 0),
	Vector3.new(5.98614502, -28.3620071, 0),
	Vector3.new(6.52850342, -29.5330887, 0),
	Vector3.new(7.44488525, -28.091774, 0),
	Vector3.new(8.18829346, -28.8384171, 0),
	Vector3.new(8.29980469, -29.8261414, 0),
	Vector3.new(9.41876221, -28.8358917, 0),
	Vector3.new(10.0281372, -29.5746078, 0),
	Vector3.new(9.77197266, -30.8149109, 0),
	Vector3.new(10.7655029, -29.820076, 0),
	Vector3.new(11.9963989, -29.8170471, 0),
	Vector3.new(11.9937134, -31.0571899, 0),
	Vector3.new(13.2260742, -29.8140182, 0),
	Vector3.new(13.9650269, -30.4307785, 0),
	Vector3.new(14.0943604, -32.4230728, 0),
	Vector3.new(14.5888672, -32.4213181, 0),
	Vector3.new(14.7151489, -30.6705551, 0),
	Vector3.new(15.411499, -30.0909576, 0),
	Vector3.new(16.2461548, -30.4739227, 0),
	Vector3.new(16.2820435, -32.6157684, 0),
	Vector3.new(17.1140137, -32.3505592, 0),
	Vector3.new(16.951355, -30.6650543, 0),
	Vector3.new(18.0817261, -30.0217438, 0),
	Vector3.new(18.8655396, -30.7888565, 0),
	Vector3.new(19.4129639, -30.0191498, 0),
	Vector3.new(20.4862061, -29.9533501, 0),
	Vector3.new(20.7763672, -30.9124451, 0),
	Vector3.new(20.8268433, -32.2061386, 0),
	Vector3.new(21.1862183, -30.0794029, 0),
	Vector3.new(22.9978027, -29.6946602, 0),
	Vector3.new(24.0211182, -30.1373329, 0),
	Vector3.new(24.673584, -28.9977951, 0),
	Vector3.new(26.4893188, -28.9957314, 0),
	Vector3.new(26.8731079, -27.8719292, 0),
	Vector3.new(28.2800903, -27.5003777, 0),
	Vector3.new(28.4586182, -26.2731781, 0),
	Vector3.new(28.4718628, -24.3411255, 0),
	Vector3.new(29.7717896, -21.8683472, 0),
	Vector3.new(29.9553223, -20.3843155, 0),
	Vector3.new(28.861084, -21.4670715, 0),
	Vector3.new(27.3057861, -22.0296478, 0),
	Vector3.new(26.7999878, -24.1867599, 0),
	Vector3.new(25.1719971, -24.8219986, 0),
	Vector3.new(23.9998779, -25.1570282, 0),
	Vector3.new(16.7869873, -25.2772713, 0),
	Vector3.new(14.2594604, -25.3433151, 0),
	Vector3.new(9.88574219, -25.0103493, 0),
	Vector3.new(7.96630859, -25.2432709, 0),
	Vector3.new(7.3182373, -24.5072174, 0),
	Vector3.new(6.4932251, -22.7139206, 0),
	Vector3.new(6.50335693, -20.5060844, 0),
	Vector3.new(6.74005127, -19.2682495, 0),
	Vector3.new(5.58044434, -18.9828415, 0),
	Vector3.new(4.05041504, -18.6242142, 0),
	Vector3.new(2.07922363, -17.4746628, 0),
	Vector3.new(-0.130004883, -16.8203506, 0),
	Vector3.new(-1.38293457, -16.2403679, 0),
	Vector3.new(-2.51397705, -16.3746033, 0),
	Vector3.new(-3.58691406, -16.7265854, 0),
	Vector3.new(-4.21588135, -15.4292526, 0),
	Vector3.new(-4.40234375, -14.5020065, 0),
	Vector3.new(-5.33233643, -13.3583603, 0),
	Vector3.new(-4.76922607, -11.5144081, 0),
	Vector3.new(-3.85174561, -10.5199471, 0),
	Vector3.new(-3.30859375, -10.1596527, 0),
	Vector3.new(-3.87530518, -7.86323547, 0),
	Vector3.new(-3.86541748, -5.80154419, 0),
	Vector3.new(-3.13330078, -3.14817047, 0),
	Vector3.new(-2.64239502, -1.29110718, 0),
	Vector3.new(-1.6965332, -0.354347229, 0),
	Vector3.new(-0.604980469, 0.00186920166, 0),
	Vector3.new(-0.271606445, 0.00876617432, 0)
}
