return {
	Vector3.new(-3.3856256, 9.80286694, 4.38249779),
	Vector3.new(-3.46394658, 9.74678612, 5.62760735),
	Vector3.new(-3.43621254, 9.55088997, 6.60103035),
	Vector3.new(-3.36164474, 9.19913864, 7.35046387),
	Vector3.new(-3.28571248, 8.93829823, 7.78637314),
	Vector3.new(-1.83886504, 8.83222198, 8.51185608),
	Vector3.new(-1.53706813, 8.3334713, 8.81767845),
	Vector3.new(-1.33504295, 7.781147, 9.13764572),
	Vector3.new(-3.43313551, 7.82816887, 7.88261604),
	Vector3.new(-3.28815937, 8.91950607, 7.78811264),
	Vector3.new(-4.00660324, 8.63759613, 6.81879425),
	Vector3.new(-3.94990706, 7.91083193, 7.17622375),
	Vector3.new(-3.43463063, 7.85005474, 7.88145828),
	Vector3.new(-3.46650362, 6.69695187, 7.6934166),
	Vector3.new(-3.74499249, 6.71019363, 7.06401253),
	Vector3.new(-3.94395375, 7.90299892, 7.18352127),
	Vector3.new(-3.41708803, 7.84718704, 7.89358139),
	Vector3.new(-3.44585228, 6.70260239, 7.70903778),
	Vector3.new(-3.18064475, 7.17576551, 8.08621979),
	Vector3.new(-3.0749228, 7.80497503, 8.1015873),
	Vector3.new(-3.19191432, 7.20368814, 8.07913971),
	Vector3.new(-3.47289252, 6.70829582, 7.68997955),
	Vector3.new(-1.08400071, 6.67818117, 9.19643021),
	Vector3.new(-1.15314949, 7.01558447, 9.17916679),
	Vector3.new(-1.54984295, 7.16582537, 8.95793533),
	Vector3.new(-1.57385135, 7.06590939, 8.93159485),
	Vector3.new(-3.18102026, 7.1715703, 8.08413124),
	Vector3.new(-3.08577251, 7.8305769, 8.09292793),
	Vector3.new(-1.33594048, 7.78137827, 9.13755608),
	Vector3.new(-1.13291585, 7.02255917, 9.18081665),
	Vector3.new(-1.07312429, 6.67921734, 9.19731712),
	Vector3.new(0.027723968, 6.69113064, 9.289711),
	Vector3.new(0.0331835896, 6.92042112, 9.27708817),
	Vector3.new(-0.569615364, 6.93102264, 9.23239517),
	Vector3.new(-0.752794743, 7.7535677, 9.19134903),
	Vector3.new(-1.35369849, 7.77822876, 9.13020325),
	Vector3.new(-0.752049208, 7.76681423, 9.18526077),
	Vector3.new(-0.614831209, 8.39620209, 8.90294647),
	Vector3.new(0.0529885292, 8.65959454, 8.80880356),
	Vector3.new(0.684238315, 8.38716507, 8.88944626),
	Vector3.new(0.823624492, 7.73595047, 9.17728806),
	Vector3.new(0.631313443, 6.92036057, 9.22117043),
	Vector3.new(0.00514401495, 6.90825653, 9.27767563),
	Vector3.new(-0.577000499, 6.94100857, 9.23147583),
	Vector3.new(-0.779900908, 7.79762793, 9.16909409),
	Vector3.new(-0.630452275, 8.38936615, 8.90468597),
	Vector3.new(0.0446518958, 8.66152382, 8.80833054),
	Vector3.new(0.0444725454, 8.76006794, 8.71740532),
	Vector3.new(-1.31126046, 8.81817245, 8.56774521),
	Vector3.new(-1.83554244, 8.83656311, 8.50307465),
	Vector3.new(-2.03901649, 9.16370678, 7.66415977),
	Vector3.new(-3.35676408, 9.21424961, 7.3343544),
	Vector3.new(-3.44422317, 9.54363441, 6.59247017),
	Vector3.new(-2.34216595, 9.59355545, 6.62280655),
	Vector3.new(-2.02910757, 9.16593742, 7.65848351),
	Vector3.new(-2.34216595, 9.59355545, 6.62280655),
	Vector3.new(-2.6191597, 9.78129196, 5.6054821),
	Vector3.new(-3.46413779, 9.74821568, 5.62033463),
	Vector3.new(-3.37446713, 9.81447506, 4.37690353),
	Vector3.new(-2.80039167, 9.93319035, 4.45680618),
	Vector3.new(-2.62618184, 9.78101063, 5.60996246),
	Vector3.new(-1.34584463, 9.78119087, 5.5939064),
	Vector3.new(-1.66801655, 9.8180685, 5.05740356),
	Vector3.new(-2.74183488, 9.93398094, 4.46024895),
	Vector3.new(-1.65589559, 9.81817722, 5.06327248),
	Vector3.new(0.0505630821, 9.81183529, 5.28636932),
	Vector3.new(0.0374592841, 9.59430122, 6.58057213),
	Vector3.new(-1.33164454, 9.59681988, 6.59164429),
	Vector3.new(-1.3486104, 9.77985668, 5.60169029),
	Vector3.new(-1.33112526, 9.59649944, 6.59336853),
	Vector3.new(-2.33972192, 9.59595299, 6.61281204),
	Vector3.new(-1.33808196, 9.5991869, 6.57897186),
	Vector3.new(-1.30584967, 8.81513023, 8.57069016),
	Vector3.new(0.0526655018, 8.76933479, 8.70210266),
	Vector3.new(0.0295518041, 9.59953022, 6.55657196),
	Vector3.new(0.0707725734, 9.82180309, 5.32778931),
	Vector3.new(1.71326244, 9.77815437, 5.04347229),
	Vector3.new(2.87946129, 9.90158463, 4.30665398),
	Vector3.new(3.42547894, 9.71981144, 4.32191849),
	Vector3.new(3.51998639, 9.66806126, 5.55851173),
	Vector3.new(2.65231419, 9.71942139, 5.56587219),
	Vector3.new(2.88264489, 9.89780521, 4.3162632),
	Vector3.new(2.65243626, 9.71692753, 5.57939529),
	Vector3.new(1.38412046, 9.74892426, 5.57236099),
	Vector3.new(1.72077227, 9.77504063, 5.092556),
	Vector3.new(1.366171, 9.74828148, 5.5784893),
	Vector3.new(1.39011407, 9.56265736, 6.57876968),
	Vector3.new(0.0115772188, 9.59077454, 6.59082222),
	Vector3.new(1.38431013, 9.56408882, 6.57325745),
	Vector3.new(2.42947435, 9.53834438, 6.5773201),
	Vector3.new(2.6533618, 9.72103882, 5.52996635),
	Vector3.new(2.42611003, 9.53926945, 6.57322502),
	Vector3.new(3.48560214, 9.49837875, 6.53897476),
	Vector3.new(3.50608301, 9.6785717, 5.56648064),
	Vector3.new(3.45706463, 9.50203609, 6.52646637),
	Vector3.new(3.370296, 8.873806, 7.71814728),
	Vector3.new(1.92581844, 8.78941536, 8.47696304),
	Vector3.new(0.0759479403, 8.76814651, 8.70365524),
	Vector3.new(1.91658711, 8.78431892, 8.48245621),
	Vector3.new(2.11870003, 9.11174107, 7.63534546),
	Vector3.new(3.3887918, 9.13248539, 7.29301453),
	Vector3.new(2.10079193, 9.10776997, 7.6462326),
	Vector3.new(2.4205308, 9.54115582, 6.56419373),
	Vector3.new(1.4067924, 9.56713009, 6.5539341),
	Vector3.new(1.40777397, 8.78828049, 8.54112625),
	Vector3.new(0.00965112448, 8.77010345, 8.70148659),
	Vector3.new(-1.82907128, 8.8388443, 8.49770737),
	Vector3.new(-3.29374242, 8.91569519, 7.78534698),
	Vector3.new(-4.00224018, 8.65166473, 6.81812668),
	Vector3.new(-3.43856549, 9.5450573, 6.60640717),
	Vector3.new(-3.46156001, 9.75033379, 5.59741592),
	Vector3.new(-4.04956341, 9.14853764, 5.61343002),
	Vector3.new(-3.9929235, 8.64234352, 6.83767319),
	Vector3.new(-4.04359245, 9.15407276, 5.60226822),
	Vector3.new(-4.04577637, 8.81564522, 4.46795654),
	Vector3.new(-3.37500834, 9.81354427, 4.3883667),
	Vector3.new(-3.29600096, 9.87531662, 3.43429947),
	Vector3.new(-4.07033443, 8.86451149, 3.87060928),
	Vector3.new(-4.04798794, 8.83632755, 4.47148323),
	Vector3.new(-4.0705986, 8.87165356, 3.86196518),
	Vector3.new(-3.94936395, 9.0575552, 1.19344711),
	Vector3.new(-3.48305202, 9.74461651, 1.40463066),
	Vector3.new(-3.30684257, 9.86113167, 3.41718674),
	Vector3.new(-3.48303795, 9.74436188, 1.4088707),
	Vector3.new(-3.77008462, 9.65357208, -1.00008011),
	Vector3.new(-4.16148281, 9.01814079, -1.61950111),
	Vector3.new(-3.86075664, 7.774436, -1.01722717),
	Vector3.new(-3.81892562, 7.64431667, 1.17918396),
	Vector3.new(-3.95854783, 9.0237608, 1.16879845),
	Vector3.new(-4.15410805, 9.04408741, -1.61400986),
	Vector3.new(-3.85917354, 7.76816273, -1.00021362),
	Vector3.new(-3.81881022, 7.64368677, 1.186903),
	Vector3.new(-3.84394574, 7.49032402, 3.347929),
	Vector3.new(-4.06997967, 8.85773087, 3.87709427),
	Vector3.new(-4.04839706, 8.84697437, 4.4889679),
	Vector3.new(-3.98040462, 7.95547152, 4.02141571),
	Vector3.new(-3.84179807, 7.47996521, 3.34617615),
	Vector3.new(-3.63046336, 6.85584545, 3.33216858),
	Vector3.new(-3.76455379, 6.85161114, 4.12515259),
	Vector3.new(-3.98238826, 7.97637653, 4.01600838),
	Vector3.new(-3.84269786, 7.48467445, 3.34583664),
	Vector3.new(-3.61152077, 6.85449028, 3.32505417),
	Vector3.new(-3.63846302, 6.90187836, 1.13515282),
	Vector3.new(-3.81927848, 7.64650393, 1.16712189),
	Vector3.new(-3.85675311, 7.75766373, -1.01994896),
	Vector3.new(-3.65779424, 6.93062496, -1.0282383),
	Vector3.new(-3.63640118, 6.89412403, 1.12065697),
	Vector3.new(-3.65198684, 6.91472149, -1.04166603),
	Vector3.new(-3.68022799, 6.95596218, -3.82038498),
	Vector3.new(-3.91827416, 8.03241062, -3.75547028),
	Vector3.new(-3.86398959, 7.78802967, -1.01231384),
	Vector3.new(-4.1626091, 9.0306015, -1.61696815),
	Vector3.new(-4.11674595, 8.94715881, -4.0085144),
	Vector3.new(-3.92158723, 8.04721165, -3.75114441),
	Vector3.new(-4.11392403, 8.93270969, -3.97868538),
	Vector3.new(-3.77726912, 9.68455601, -3.73753929),
	Vector3.new(-3.76919985, 9.6527977, -0.985603333),
	Vector3.new(-2.83340096, 10.9077721, -1.45257378),
	Vector3.new(-2.86760545, 10.7736101, -2.89485931),
	Vector3.new(-3.7921803, 9.66125965, -3.73974991),
	Vector3.new(-3.91488528, 9.69397831, -5.38182068),
	Vector3.new(-4.07870197, 9.41594028, -5.38971329),
	Vector3.new(-4.11778927, 8.95595646, -3.98139572),
	Vector3.new(-3.7687645, 9.69494915, -3.70820427),
	Vector3.new(-3.90826011, 9.7040472, -5.37573433),
	Vector3.new(-3.08672476, 10.4482393, -5.50196648),
	Vector3.new(-3.77254128, 9.68927479, -3.68070984),
	Vector3.new(-3.07006812, 10.4504833, -5.50622559),
	Vector3.new(-2.83936095, 10.7825127, -2.8628521),
	Vector3.new(-2.82415271, 10.9159203, -1.43639946),
	Vector3.new(-2.59229946, 10.9373922, 0.593067169),
	Vector3.new(-2.7278657, 10.7258005, 2.01554871),
	Vector3.new(-3.27780509, 9.89905453, 3.46160889),
	Vector3.new(-2.96249819, 10.2365341, 3.62637901),
	Vector3.new(-2.7657373, 9.93295479, 4.46073341),
	Vector3.new(-2.94883156, 10.2382765, 3.62299728),
	Vector3.new(-2.51941133, 10.8400621, 2.15486336),
	Vector3.new(-2.72714639, 10.7265291, 2.01244545),
	Vector3.new(-2.53025961, 10.8369389, 2.15256691),
	Vector3.new(-2.31336522, 11.0679617, 0.589740753),
	Vector3.new(-2.58566117, 10.9406185, 0.590465546),
	Vector3.new(-2.31336522, 11.0679617, 0.589740753),
	Vector3.new(-2.35565281, 11.0113735, -1.45017815),
	Vector3.new(-2.83330894, 10.9065571, -1.43969345),
	Vector3.new(-2.37132311, 11.0080719, -1.45454788),
	Vector3.new(-2.15527081, 10.8707314, -2.88186836),
	Vector3.new(-2.87406874, 10.7721577, -2.87678909),
	Vector3.new(-2.16075492, 10.8714142, -2.87008476),
	Vector3.new(-2.69537377, 10.480814, -5.49953842),
	Vector3.new(-3.07754993, 10.4552021, -5.4737587),
	Vector3.new(-2.68592787, 10.4787464, -5.50802994),
	Vector3.new(-2.71307087, 10.2714653, -6.35357285),
	Vector3.new(-3.21454954, 10.2322359, -6.45049095),
	Vector3.new(-3.05745769, 10.4556351, -5.48324776),
	Vector3.new(-3.21530008, 10.2317295, -6.45017815),
	Vector3.new(-3.90477967, 9.72482109, -6.4667244),
	Vector3.new(-3.91208243, 9.69741535, -5.37506294),
	Vector3.new(-4.07712078, 9.41944599, -5.38846588),
	Vector3.new(-4.13750935, 8.99285984, -6.69714069),
	Vector3.new(-3.91516376, 9.70984554, -6.48182487),
	Vector3.new(-4.13182259, 9.01191521, -6.69047832),
	Vector3.new(-4.07651806, 8.09663773, -7.05954361),
	Vector3.new(-3.86703181, 7.40335464, -6.94045734),
	Vector3.new(-3.82077003, 7.80980778, -7.3972826),
	Vector3.new(-3.94056535, 8.09952736, -7.40853786),
	Vector3.new(-4.07196903, 8.10888863, -7.0709877),
	Vector3.new(-3.93655133, 8.130373, -7.41132355),
	Vector3.new(-3.93749499, 8.78705597, -7.39481354),
	Vector3.new(-4.1373291, 8.97475719, -6.70358658),
	Vector3.new(-3.92761111, 8.79160881, -7.40307999),
	Vector3.new(-3.77582431, 9.49195004, -7.39127254),
	Vector3.new(-3.90916228, 9.72327709, -6.46169281),
	Vector3.new(-3.77560711, 9.51042271, -7.38653183),
	Vector3.new(-3.33113599, 9.96957684, -7.39648819),
	Vector3.new(-3.16985536, 10.2411213, -6.43767166),
	Vector3.new(-3.3393569, 9.97064781, -7.3843956),
	Vector3.new(-2.74348688, 9.99955559, -7.7334547),
	Vector3.new(-2.71467876, 10.2683735, -6.36604881),
	Vector3.new(-2.7384007, 9.98932648, -7.74921703),
	Vector3.new(-2.75984788, 9.72272205, -8.03051758),
	Vector3.new(-3.76707792, 9.52477455, -7.38304615),
	Vector3.new(-3.93279004, 8.80709171, -7.39520836),
	Vector3.new(-2.803653, 9.04438591, -8.30836105),
	Vector3.new(-2.74755001, 9.73818684, -8.01615143),
	Vector3.new(-2.81556749, 9.05146599, -8.29647541),
	Vector3.new(-2.8483026, 8.70294571, -8.32556343),
	Vector3.new(-2.78195763, 8.36628246, -8.34179115),
	Vector3.new(-3.93773913, 8.10656261, -7.41084671),
	Vector3.new(-3.81060052, 7.7888031, -7.39155006),
	Vector3.new(-2.42896652, 7.58060932, -8.26486397),
	Vector3.new(-2.78842974, 8.34580326, -8.33426857),
	Vector3.new(-2.44359946, 7.58268738, -8.25725365),
	Vector3.new(-2.06181121, 6.86307526, -6.95459557),
	Vector3.new(-3.86991143, 7.42893124, -6.95758629),
	Vector3.new(-3.82791877, 7.78828335, -7.36970806),
	Vector3.new(-2.43767166, 7.57020664, -8.23679256),
	Vector3.new(-0.127546489, 7.48308659, -8.64968967),
	Vector3.new(-0.12541008, 8.34727383, -8.78786945),
	Vector3.new(-0.110054612, 9.01053524, -8.74272919),
	Vector3.new(-0.0970017016, 9.75990009, -8.44737625),
	Vector3.new(-0.0910923481, 9.97106934, -8.20857716),
	Vector3.new(-0.0883039534, 9.98460007, -7.98658657),
	Vector3.new(-0.0905240476, 9.99322319, -7.46769619),
	Vector3.new(-1.38683283, 10.0257034, -7.45926285),
	Vector3.new(-1.95519161, 10.0432491, -7.27135181),
	Vector3.new(-2.12662053, 10.0527935, -7.23950005),
	Vector3.new(-2.10076547, 10.2251215, -4.13083076),
	Vector3.new(-2.40014625, 10.6888027, -4.10787964),
	Vector3.new(-2.69339919, 10.4817677, -5.49580383),
	Vector3.new(-2.10985589, 10.136755, -5.67104912),
	Vector3.new(-2.67280221, 10.473115, -5.51064873),
	Vector3.new(-2.76301694, 9.99846077, -7.72300529),
	Vector3.new(-1.4649688, 9.98861313, -7.95411205),
	Vector3.new(-0.436412215, 9.97357559, -8.14856529),
	Vector3.new(-0.0973714888, 9.97350979, -8.17554379),
	Vector3.new(-0.100391656, 9.76106262, -8.44549561),
	Vector3.new(-0.450820684, 9.75828362, -8.3883791),
	Vector3.new(-1.47414899, 9.737813, -8.23469257),
	Vector3.new(-2.74541163, 9.71645451, -8.03873348),
	Vector3.new(-2.84632134, 9.0058794, -8.28084183),
	Vector3.new(-1.45985293, 9.03055477, -8.56936455),
	Vector3.new(-1.1564281, 8.36811733, -8.6675005),
	Vector3.new(-2.78051257, 8.3613596, -8.34117889),
	Vector3.new(-1.14174533, 8.36949158, -8.66987705),
	Vector3.new(-0.1238226, 8.33991909, -8.78688145),
	Vector3.new(-0.116330475, 9.02416039, -8.7366991),
	Vector3.new(-1.493783, 9.06005478, -8.55060768),
	Vector3.new(-1.47670174, 9.71796131, -8.24383163),
	Vector3.new(-1.46758652, 9.98283863, -7.96733761),
	Vector3.new(-1.44957876, 10.0277691, -7.46358871),
	Vector3.new(-1.92993808, 10.042985, -7.28266335),
	Vector3.new(-2.1342032, 10.0560122, -7.25218201),
	Vector3.new(-2.30643344, 10.0028772, -7.78645802),
	Vector3.new(-2.75234842, 10.0019703, -7.71760082),
	Vector3.new(-2.51480269, 10.0627146, -7.55602646),
	Vector3.new(-2.29005551, 10.2762156, -5.71358109),
	Vector3.new(-2.14961362, 10.1421261, -5.67329788),
	Vector3.new(-2.14595938, 10.1629362, -4.13078308),
	Vector3.new(-1.93743968, 10.4921474, -3.49820518),
	Vector3.new(-2.1114943, 10.8732376, -2.88260269),
	Vector3.new(-0.0264141858, 10.935791, -2.67664337),
	Vector3.new(-0.0190045536, 11.1647148, -1.48273277),
	Vector3.new(-2.38276982, 11.0058908, -1.44792938),
	Vector3.new(-0.0328376591, 11.1654873, -1.47781181),
	Vector3.new(0.00716778636, 11.1754093, 0.618833542),
	Vector3.new(-2.32748652, 11.0619345, 0.581823349),
	Vector3.new(-2.52066135, 10.8424482, 2.14332962),
	Vector3.new(0.0114960819, 11.0248108, 2.12147141),
	Vector3.new(0.010454461, 11.1750259, 0.621334076),
	Vector3.new(0.0124141276, 11.0258169, 2.11192513),
	Vector3.new(2.54690599, 10.7816162, 2.10533714),
	Vector3.new(2.31539178, 11.0118723, 0.559921265),
	Vector3.new(-0.00473955274, 11.1753206, 0.621414185),
	Vector3.new(2.28909135, 11.0153694, 0.541164398),
	Vector3.new(2.32141542, 10.9559298, -1.49699211),
	Vector3.new(-0.0253120512, 11.1670113, -1.47032166),
	Vector3.new(2.31325769, 10.957922, -1.49271774),
	Vector3.new(2.04686213, 10.8204775, -2.9243145),
	Vector3.new(-0.0352256596, 10.9383173, -2.66555977),
	Vector3.new(-0.0748000443, 10.2119827, -3.96086121),
	Vector3.new(-0.0949913561, 9.98350811, -7.48515892),
	Vector3.new(-0.0766374171, 10.232645, -3.90957642),
	Vector3.new(-2.14141583, 10.2073116, -4.04992676),
	Vector3.new(-0.096585542, 10.2547865, -3.87175369),
	Vector3.new(-0.0820862949, 10.1243401, -5.4881115),
	Vector3.new(-2.15468049, 10.1524096, -5.63199043),
	Vector3.new(-0.0771120489, 10.1243057, -5.48774719),
	Vector3.new(1.9773643, 10.0946503, -5.59969521),
	Vector3.new(1.94890153, 10.0001469, -7.28176308),
	Vector3.new(1.19961059, 9.99510765, -7.4962759),
	Vector3.new(-0.114382207, 9.99360561, -7.4674902),
	Vector3.new(1.22055304, 9.99535942, -7.51538086),
	Vector3.new(1.96490967, 10.0055246, -7.27448368),
	Vector3.new(2.03146744, 9.94341946, -7.87100792),
	Vector3.new(2.56674671, 9.93623447, -7.78617191),
	Vector3.new(2.55609488, 10.2060928, -6.41672134),
	Vector3.new(2.56689906, 10.4199791, -5.54441071),
	Vector3.new(2.0343008, 10.8229351, -2.91483498),
	Vector3.new(1.78912437, 10.4196043, -3.58200073),
	Vector3.new(1.73961973, 10.1884785, -4.01296043),
	Vector3.new(-0.114583254, 10.233717, -3.90948486),
	Vector3.new(1.7270546, 10.1894207, -3.99902725),
	Vector3.new(1.94826365, 10.094923, -5.60068703),
	Vector3.new(2.58578777, 10.4133892, -5.56636047),
	Vector3.new(2.24593282, 10.6445932, -3.99941635),
	Vector3.new(1.71293712, 10.1894264, -4.00171852),
	Vector3.new(1.9467814, 10.094018, -5.61672783),
	Vector3.new(2.26283336, 10.3028946, -5.58015633),
	Vector3.new(2.42142415, 9.93602276, -7.81164932),
	Vector3.new(1.26634777, 9.95629883, -7.98347759),
	Vector3.new(0.23009184, 9.96353626, -8.16145897),
	Vector3.new(-0.129556447, 9.97365761, -8.1846981),
	Vector3.new(-0.109698176, 10.0009203, -7.46795464),
	Vector3.new(1.22854042, 9.99545193, -7.52158642),
	Vector3.new(1.22845244, 9.93953514, -8.0150423),
	Vector3.new(1.26327062, 9.70530415, -8.26280022),
	Vector3.new(1.24273252, 8.96261406, -8.59875584),
	Vector3.new(-0.160465807, 9.02766037, -8.73080254),
	Vector3.new(-0.114946932, 9.75908756, -8.44513416),
	Vector3.new(1.25909591, 9.70390892, -8.26411343),
	Vector3.new(1.23616743, 8.93940258, -8.60103321),
	Vector3.new(1.00910294, 8.35071373, -8.67072868),
	Vector3.new(-0.141039848, 8.34416294, -8.78553963),
	Vector3.new(-0.12342599, 7.48389387, -8.65011692),
	Vector3.new(1.23470855, 7.51015377, -8.45047569),
	Vector3.new(2.18772054, 7.53620338, -8.31151581),
	Vector3.new(2.57253003, 8.30077076, -8.38436222),
	Vector3.new(0.994538069, 8.36338139, -8.6725378),
	Vector3.new(2.57213306, 8.29580402, -8.38252068),
	Vector3.new(2.59645009, 8.97575188, -8.35883808),
	Vector3.new(1.2406745, 8.99082851, -8.59775448),
	Vector3.new(2.60202146, 8.99185467, -8.3481226),
	Vector3.new(2.56930566, 9.65402126, -8.08453178),
	Vector3.new(1.24634445, 9.7012167, -8.26737499),
	Vector3.new(2.56990242, 9.64149189, -8.08961201),
	Vector3.new(2.58172774, 9.93537712, -7.77789402),
	Vector3.new(3.1704545, 9.88761139, -7.46941376),
	Vector3.new(3.57119131, 9.44196892, -7.46292686),
	Vector3.new(2.58043194, 9.65441036, -8.07878494),
	Vector3.new(2.59149027, 8.9762125, -8.35954475),
	Vector3.new(3.74448466, 8.70736599, -7.44655037),
	Vector3.new(3.58573365, 9.41493034, -7.46328735),
	Vector3.new(3.74657512, 8.69279957, -7.4446516),
	Vector3.new(3.7332406, 8.00861835, -7.469944),
	Vector3.new(2.5516963, 8.29965687, -8.38987923),
	Vector3.new(3.73766589, 8.0016861, -7.45365906),
	Vector3.new(3.86727715, 7.9968338, -7.1304512),
	Vector3.new(3.95791388, 8.89600754, -6.76994896),
	Vector3.new(3.74206829, 8.72151947, -7.445261),
	Vector3.new(3.72780395, 7.99336672, -7.46849251),
	Vector3.new(3.8679297, 8.03199482, -7.09852982),
	Vector3.new(3.63913512, 7.31764126, -7.01503658),
	Vector3.new(3.59020805, 7.48243904, -7.22544861),
	Vector3.new(3.73337841, 8.02234459, -7.46983528),
	Vector3.new(3.55488372, 7.4457984, -7.21281052),
	Vector3.new(2.1969316, 7.54443169, -8.31106853),
	Vector3.new(1.99974859, 6.86875391, -7.00167465),
	Vector3.new(3.63682914, 7.31634998, -7.01537514),
	Vector3.new(1.99554622, 6.86205769, -6.9896946),
	Vector3.new(-2.07837629, 6.87006283, -6.9589653),
	Vector3.new(0.0370288044, 6.87753344, -6.97063065),
	Vector3.new(-0.142242789, 7.47378922, -8.63662434),
	Vector3.new(-0.116367579, 8.35132408, -8.78957653),
	Vector3.new(0.994344234, 8.36123848, -8.672719),
	Vector3.new(2.55443048, 8.28435326, -8.38651276),
	Vector3.new(3.73706532, 8.02122498, -7.46060562),
	Vector3.new(3.86951017, 8.01000404, -7.12928486),
	Vector3.new(3.95015121, 8.92212296, -6.76453114),
	Vector3.new(3.75442576, 9.62821674, -6.53671074),
	Vector3.new(3.58397269, 9.43613625, -7.45704079),
	Vector3.new(3.7567265, 9.62971497, -6.52761269),
	Vector3.new(3.06462526, 10.1610823, -6.50861549),
	Vector3.new(3.15746093, 9.89333153, -7.45843029),
	Vector3.new(3.06481957, 10.162077, -6.50076294),
	Vector3.new(2.57791424, 10.2111282, -6.39262199),
	Vector3.new(3.06483626, 10.157691, -6.52574348),
	Vector3.new(2.95662904, 10.3824825, -5.54144669),
	Vector3.new(2.5650804, 10.4162273, -5.56032372),
	Vector3.new(2.96347022, 10.378787, -5.53196526),
	Vector3.new(3.75253725, 9.63282299, -5.45125961),
	Vector3.new(3.76079655, 9.61557388, -6.53732491),
	Vector3.new(3.9508338, 8.89716721, -6.78831863),
	Vector3.new(3.92680621, 9.33226395, -5.46836281),
	Vector3.new(3.75978661, 9.62465, -5.43819427),
	Vector3.new(3.92647624, 9.33234692, -5.45704842),
	Vector3.new(3.98422503, 8.85470772, -4.08311462),
	Vector3.new(3.67067575, 9.59022427, -3.81741142),
	Vector3.new(3.75927925, 9.62575912, -5.44787979),
	Vector3.new(3.67811203, 9.57788944, -3.80269623),
	Vector3.new(2.80997109, 10.7017384, -2.94342041),
	Vector3.new(2.01521969, 10.8236561, -2.91870117),
	Vector3.new(2.81116223, 10.7002106, -2.95325279),
	Vector3.new(2.95019794, 10.3863268, -5.5158577),
	Vector3.new(2.80190182, 10.7046556, -2.9558506),
	Vector3.new(2.79532218, 10.836731, -1.5188179),
	Vector3.new(2.29971981, 10.9595699, -1.48266792),
	Vector3.new(2.77522969, 10.8519144, -1.49691772),
	Vector3.new(3.70012021, 9.57577038, -1.0802002),
	Vector3.new(3.67502379, 9.58301735, -3.81680298),
	Vector3.new(3.98460269, 8.8629818, -4.07041168),
	Vector3.new(4.07428455, 8.93368912, -1.68950272),
	Vector3.new(3.71269107, 9.55619335, -1.09610748),
	Vector3.new(4.07370281, 8.93200302, -1.67614937),
	Vector3.new(3.75017929, 7.67208433, -1.08263588),
	Vector3.new(3.75935483, 7.90439415, -3.81409454),
	Vector3.new(3.98464513, 8.85976219, -4.07419586),
	Vector3.new(3.75334406, 7.88133287, -3.82600784),
	Vector3.new(3.4931488, 6.86485195, -3.87291718),
	Vector3.new(3.52276349, 6.83055878, -1.11399841),
	Vector3.new(3.7529099, 7.68304539, -1.09546471),
	Vector3.new(3.74559259, 7.5441699, 1.10112),
	Vector3.new(3.53798366, 6.80321646, 1.09543037),
	Vector3.new(3.51929164, 6.83033466, -1.11136627),
	Vector3.new(3.75959492, 7.70894384, -1.10805893),
	Vector3.new(3.74907351, 7.56391478, 1.09833717),
	Vector3.new(3.91422343, 8.95231533, 1.10091782),
	Vector3.new(4.06910706, 8.90670872, -1.66177559),
	Vector3.new(3.70597219, 9.56715965, -1.09136581),
	Vector3.new(3.47614121, 9.64779949, 1.34274292),
	Vector3.new(3.91404581, 8.95362854, 1.10538292),
	Vector3.new(4.07627583, 8.78271961, 3.79850769),
	Vector3.new(3.37016749, 9.72007942, 3.24063683),
	Vector3.new(3.48010874, 9.64228821, 1.33900642),
	Vector3.new(3.91845083, 8.93819714, 1.11568832),
	Vector3.new(3.74489999, 7.54105616, 1.10506439),
	Vector3.new(3.80002642, 7.37765121, 3.2466774),
	Vector3.new(3.96713734, 7.85936832, 3.95575905),
	Vector3.new(4.05615711, 8.69210625, 4.38570786),
	Vector3.new(4.06440067, 8.801404, 3.80811882),
	Vector3.new(4.05809784, 8.70521355, 4.39569283),
	Vector3.new(3.9607091, 7.83247566, 3.95001602),
	Vector3.new(3.72906423, 6.76385784, 4.05451965),
	Vector3.new(3.56183791, 6.77062607, 3.25183678),
	Vector3.new(3.79433513, 7.34957361, 3.25256348),
	Vector3.new(3.56699347, 6.77081823, 3.25634956),
	Vector3.new(3.52724338, 6.80222416, 1.12639809),
	Vector3.new(3.74676824, 7.5509243, 1.08886337),
	Vector3.new(3.91524386, 8.95032406, 1.11446381),
	Vector3.new(4.06713867, 8.79627705, 3.78469658),
	Vector3.new(4.05782604, 8.70288563, 4.39132881),
	Vector3.new(3.44513297, 9.69863987, 4.32565689),
	Vector3.new(3.35799241, 9.73645496, 3.24996185),
	Vector3.new(3.04978561, 10.1343908, 3.56673241),
	Vector3.new(2.9021709, 9.89527225, 4.31966209),
	Vector3.new(3.04094648, 10.1439419, 3.56297302),
	Vector3.new(2.5385201, 10.7856684, 2.08155441),
	Vector3.new(3.03096294, 10.1544342, 3.5792141),
	Vector3.new(3.20674682, 9.94278908, 3.40473938),
	Vector3.new(2.73983026, 10.6644821, 1.96930313),
	Vector3.new(2.54800653, 10.782053, 2.0909462),
	Vector3.new(2.75086761, 10.6581955, 1.94804192),
	Vector3.new(2.58512092, 10.8783674, 0.546081543),
	Vector3.new(2.30562592, 11.0139246, 0.533321381),
	Vector3.new(2.59844184, 10.8697414, 0.543117523),
	Vector3.new(2.78481436, 10.8495655, -1.48261642),
	Vector3.new(2.32177258, 10.9567184, -1.46549225),
	Vector3.new(2.28465009, 11.0156097, 0.552972794),
	Vector3.new(2.55340862, 10.7785902, 2.08945274),
	Vector3.new(3.05256963, 10.1307583, 3.61103249),
	Vector3.new(2.89756632, 9.88881683, 4.33782768),
	Vector3.new(3.45441961, 9.68855667, 4.33288956),
	Vector3.new(4.05762291, 8.70371342, 4.40357399),
	Vector3.new(4.08754826, 9.05835819, 5.5379715),
	Vector3.new(3.50684547, 9.67978191, 5.55978966),
	Vector3.new(3.48456097, 9.48115063, 6.57577133),
	Vector3.new(4.05441952, 8.55834007, 6.74639702),
	Vector3.new(4.07506561, 9.07163906, 5.53639793),
	Vector3.new(4.05341339, 8.56182861, 6.74298477),
	Vector3.new(3.34639311, 8.86875725, 7.7340889),
	Vector3.new(3.48588443, 7.75569534, 7.82273865),
	Vector3.new(3.99021316, 7.82578182, 7.10785484),
	Vector3.new(4.04098797, 8.57049847, 6.758358),
	Vector3.new(3.99280334, 7.82705832, 7.10394669),
	Vector3.new(3.75921988, 6.63132, 6.99691391),
	Vector3.new(3.49636507, 6.61071825, 7.6157341),
	Vector3.new(3.48266888, 7.77947664, 7.82264328),
	Vector3.new(3.13963199, 7.6949048, 8.04388237),
	Vector3.new(3.21635175, 7.108675, 8.0365448),
	Vector3.new(3.48397326, 6.6107583, 7.63115311),
	Vector3.new(1.12618864, 6.65118313, 9.17754364),
	Vector3.new(0.0361694694, 6.69628716, 9.2887001),
	Vector3.new(1.09959316, 6.64936733, 9.15570831),
	Vector3.new(1.20695519, 6.9921689, 9.15843964),
	Vector3.new(1.41757309, 7.75108814, 9.11228561),
	Vector3.new(3.16035271, 7.72344923, 8.02892303),
	Vector3.new(3.20292711, 7.05514622, 8.02061081),
	Vector3.new(1.21579576, 7.00543022, 9.15705872),
	Vector3.new(1.41310716, 7.75128889, 9.1127739),
	Vector3.new(0.827938914, 7.74624205, 9.17211533),
	Vector3.new(1.37989736, 7.86852074, 9.29211617),
	Vector3.new(1.64079273, 8.27243996, 8.79878616),
	Vector3.new(1.93041539, 8.79193497, 8.46909714),
	Vector3.new(3.39160132, 8.86446285, 7.68733406),
	Vector3.new(4.03774166, 8.57836246, 6.7530899),
	Vector3.new(4.1009922, 8.23324394, 6.54217911),
	Vector3.new(4.10220528, 8.42517757, 6.34388924),
	Vector3.new(4.10947704, 8.57199383, 6.07639313),
	Vector3.new(4.14295769, 8.64008331, 5.81944847),
	Vector3.new(4.14574337, 8.65887356, 5.49634933),
	Vector3.new(4.13301659, 8.59055996, 5.1586647),
	Vector3.new(4.12936974, 8.45307541, 4.88990211),
	Vector3.new(4.14410114, 8.29837894, 4.71293259),
	Vector3.new(4.13346672, 8.0023737, 4.49362946),
	Vector3.new(4.1440506, 7.72349882, 4.39408112),
	Vector3.new(4.13472223, 7.41591644, 4.35756874),
	Vector3.new(4.14185715, 7.12098265, 4.40205574),
	Vector3.new(4.12540627, 6.83295012, 4.51413536),
	Vector3.new(4.15171909, 6.60381317, 4.69454384),
	Vector3.new(4.13366556, 6.36101866, 4.99908447),
	Vector3.new(4.12450695, 6.24764347, 5.28009033),
	Vector3.new(4.12253046, 6.20992756, 5.53347588),
	Vector3.new(4.13100338, 6.23659897, 5.82914352),
	Vector3.new(4.10662937, 6.34198284, 6.15196419),
	Vector3.new(4.13542747, 6.52188635, 6.39697266),
	Vector3.new(4.12208652, 6.72648907, 6.5868988),
	Vector3.new(4.12837601, 6.9760561, 6.72155952),
	Vector3.new(4.14646626, 7.28165197, 6.79568291),
	Vector3.new(4.16285801, 7.54032278, 6.79567528),
	Vector3.new(4.16035843, 7.81517839, 6.74138641),
	Vector3.new(4.15673876, 8.01208687, 6.65925598),
	Vector3.new(4.12145519, 8.17074394, 6.57400322),
	Vector3.new(4.11373138, 6.8486824, 4.50091553),
	Vector3.new(4.14927769, 6.56225491, 4.73423386),
	Vector3.new(4.13104057, 6.36417246, 4.9914608),
	Vector3.new(4.11521912, 8.5673151, 6.08233643),
	Vector3.new(4.13715887, 8.64775085, 5.78890228),
	Vector3.new(4.15309906, 8.65436172, 5.47416115),
	Vector3.new(4.1044836, 6.20449495, 5.52121353),
	Vector3.new(4.11280918, 6.23391104, 5.846241),
	Vector3.new(4.10111332, 6.35122442, 6.17922401),
	Vector3.new(4.10479975, 8.45594788, 4.87836266),
	Vector3.new(4.14251518, 8.23787212, 4.65646935),
	Vector3.new(4.13592911, 7.97618103, 4.48150253),
	Vector3.new(4.10636711, 6.77278614, 6.62443161),
	Vector3.new(4.10713959, 6.95987368, 6.72257614),
	Vector3.new(4.13289261, 7.29008722, 6.80162048),
	Vector3.new(4.11079121, 7.41309786, 4.34947014),
	Vector3.new(4.13863277, 7.71395588, 4.38983917),
	Vector3.new(4.11614895, 8.01514912, 4.4935894),
	Vector3.new(4.12079716, 8.26232719, 4.66781807),
	Vector3.new(4.11345863, 8.45798492, 4.88752174),
	Vector3.new(4.13556147, 8.59508801, 5.17381859),
	Vector3.new(4.13778782, 8.6586895, 5.46094322),
	Vector3.new(4.1205883, 8.65033913, 5.80728531),
	Vector3.new(4.09659672, 8.58951378, 6.08005524),
	Vector3.new(4.08630371, 8.43166447, 6.37471581),
	Vector3.new(4.09909058, 8.16530895, 6.5922718),
	Vector3.new(4.05054474, 8.56929207, 6.73736954),
	Vector3.new(4.0797472, 9.06164932, 5.56920624),
	Vector3.new(4.05749512, 8.69635105, 4.36357307),
	Vector3.new(4.06306648, 8.80176926, 3.76430321),
	Vector3.new(3.91662693, 8.94535446, 1.11682701),
	Vector3.new(4.07022476, 8.92555618, -1.6461792),
	Vector3.new(3.98084617, 8.83853054, -4.06359673),
	Vector3.new(3.7511251, 7.86904573, -3.79959869),
	Vector3.new(4.14140654, 7.87967682, -4.04030609),
	Vector3.new(4.10583591, 8.14369011, -4.1664505),
	Vector3.new(4.11811495, 8.40728569, -4.4199028),
	Vector3.new(4.11086893, 8.59588051, -4.75024223),
	Vector3.new(4.12967396, 8.66104603, -5.05549431),
	Vector3.new(4.1331358, 8.64447117, -5.41333008),
	Vector3.new(4.12719536, 8.54608536, -5.71698761),
	Vector3.new(4.0972743, 8.35915661, -6.02495384),
	Vector3.new(4.11628628, 8.18169689, -6.16651726),
	Vector3.new(4.10123444, 7.90331745, -6.33061218),
	Vector3.new(4.13665199, 7.67199612, -6.38572884),
	Vector3.new(4.13986874, 7.41305685, -6.40654945),
	Vector3.new(4.14631367, 7.1439271, -6.36823082),
	Vector3.new(4.16554928, 6.85292196, -6.2463913),
	Vector3.new(4.12026072, 6.58498096, -6.06884956),
	Vector3.new(4.12165833, 6.39269352, -5.82972717),
	Vector3.new(4.12722588, 6.28282881, -5.59745026),
	Vector3.new(4.12342358, 6.21764183, -5.32536125),
	Vector3.new(4.11592293, 6.22874308, -4.9506073),
	Vector3.new(4.11996937, 6.34286594, -4.62228394),
	Vector3.new(4.11073685, 6.49236822, -4.390625),
	Vector3.new(4.11840057, 6.72167969, -4.18122101),
	Vector3.new(4.09927177, 6.9308753, -4.04875946),
	Vector3.new(4.11454678, 7.16288567, -3.98059273),
	Vector3.new(4.10940647, 7.48697662, -3.94837189),
	Vector3.new(4.10895157, 7.8797307, -4.02842331),
	Vector3.new(4.09439182, 6.86003113, -6.28877258),
	Vector3.new(4.09598875, 6.58273602, -6.08345222),
	Vector3.new(4.13561964, 6.40366316, -5.83807564),
	Vector3.new(4.14136887, 8.39288521, -4.41477776),
	Vector3.new(4.12366962, 8.58146, -4.72487831),
	Vector3.new(4.14549398, 8.65615273, -5.06277657),
	Vector3.new(4.09474087, 6.20187283, -5.34095955),
	Vector3.new(4.09353352, 6.20636892, -4.96723747),
	Vector3.new(4.12086296, 6.35120058, -4.60688591),
	Vector3.new(4.153018, 8.54150677, -5.70523834),
	Vector3.new(4.11402416, 8.32184315, -6.04423141),
	Vector3.new(4.11638641, 8.13436031, -6.20047379),
	Vector3.new(4.10649204, 6.71627378, -4.180233),
	Vector3.new(4.08664989, 6.95411921, -4.02070999),
	Vector3.new(4.10601902, 7.20765018, -3.96828842),
	Vector3.new(4.09802055, 7.51023054, -6.42140579),
	Vector3.new(4.1037035, 7.74508905, -6.38079643),
	Vector3.new(4.11871386, 8.02882576, -6.26407433),
	Vector3.new(4.10758352, 8.28079224, -6.08722305),
	Vector3.new(4.12698746, 8.47769451, -5.84011459),
	Vector3.new(4.15550613, 8.51375484, -5.75809097),
	Vector3.new(4.12996483, 8.64752579, -5.40284729),
	Vector3.new(4.15206385, 8.65621471, -5.09186363),
	Vector3.new(4.11521101, 8.58333778, -4.72193909),
	Vector3.new(4.12995958, 8.39334774, -4.40896416),
	Vector3.new(4.10695076, 8.13910484, -4.16373062),
	Vector3.new(4.10752583, 7.85560942, -4.01899147),
	Vector3.new(3.74690008, 7.85695601, -3.84160995),
	Vector3.new(3.9838984, 8.874506, -4.07074738),
	Vector3.new(3.92914891, 9.32563305, -5.48679924),
	Vector3.new(3.74170423, 9.64413738, -5.4467144),
	Vector3.new(2.95473146, 10.3836145, -5.53391075),
	Vector3.new(2.59257531, 10.4161797, -5.55046082),
	Vector3.new(2.03371191, 10.8237028, -2.90854454),
	Vector3.new(-0.0172033906, 10.9341431, -2.67975807),
	Vector3.new(-2.13535285, 10.8734636, -2.87067032),
	Vector3.new(-2.70551348, 10.4766216, -5.51541901),
	Vector3.new(-3.14521527, 10.4030571, -5.46543694),
	Vector3.new(-3.89926934, 9.7132225, -5.36412239),
	Vector3.new(-4.07123661, 9.42825794, -5.38238907),
	Vector3.new(-4.11037636, 8.91505241, -3.95024109),
	Vector3.new(-3.91389871, 8.01357937, -3.77422333),
	Vector3.new(-4.124753, 7.9540329, -4.06517792),
	Vector3.new(-4.10285282, 8.21105766, -4.2049675),
	Vector3.new(-4.09354877, 8.40230083, -4.37223434),
	Vector3.new(-4.10189152, 8.55988216, -4.62894821),
	Vector3.new(-4.10015965, 8.66308403, -4.91363525),
	Vector3.new(-4.13355732, 8.665308, -5.23506737),
	Vector3.new(-4.11832428, 8.60514832, -5.58172798),
	Vector3.new(-4.13568306, 8.417243, -5.92231941),
	Vector3.new(-4.14060593, 8.16152573, -6.17124557),
	Vector3.new(-4.17980957, 7.87481737, -6.31103897),
	Vector3.new(-4.21404362, 7.4917922, -6.37688828),
	Vector3.new(-4.2169857, 7.10657263, -6.32943344),
	Vector3.new(-4.18941307, 6.77638102, -6.18954086),
	Vector3.new(-4.2011385, 6.56298828, -6.00354195),
	Vector3.new(-4.22500801, 6.3940506, -5.75274467),
	Vector3.new(-4.21635914, 6.27579498, -5.45259666),
	Vector3.new(-4.17551517, 6.23247194, -5.0795784),
	Vector3.new(-4.159338, 6.27975893, -4.81155586),
	Vector3.new(-4.16349125, 6.39378214, -4.56172943),
	Vector3.new(-4.12270451, 6.60801125, -4.27508163),
	Vector3.new(-4.11208439, 6.87774801, -4.08337212),
	Vector3.new(-4.11246109, 7.13614368, -3.98610497),
	Vector3.new(-4.10587597, 7.42090225, -3.94621277),
	Vector3.new(-4.12624836, 7.68840694, -3.9783287),
	Vector3.new(-4.12948036, 7.93544149, -4.05854416),
	Vector3.new(-4.1543684, 6.75588942, -6.1921196),
	Vector3.new(-4.23125648, 6.56558895, -5.98736382),
	Vector3.new(-4.22558689, 6.39613342, -5.75602531),
	Vector3.new(-4.10426903, 8.41451359, -4.40832329),
	Vector3.new(-4.10745144, 8.56271744, -4.65532494),
	Vector3.new(-4.13094139, 8.64122963, -4.93043137),
	Vector3.new(-4.15859318, 6.22367764, -5.25260735),
	Vector3.new(-4.14366817, 6.24199486, -4.9323597),
	Vector3.new(-4.15423393, 6.35175943, -4.63105011),
	Vector3.new(-4.14983082, 8.60127831, -5.55844688),
	Vector3.new(-4.14566803, 8.41938686, -5.91356277),
	Vector3.new(-4.21666908, 8.20937157, -6.09578133),
	Vector3.new(-4.13653851, 6.63064289, -4.26120186),
	Vector3.new(-4.12282562, 6.86806917, -4.09243393),
	Vector3.new(-4.10949421, 7.18532658, -3.97369194),
	Vector3.new(-4.19939709, 7.4943862, -6.38294792),
	Vector3.new(-4.19414616, 7.87022829, -6.30668068),
	Vector3.new(-4.11034584, 8.25568008, -6.10899162),
	Vector3.new(-4.12939072, 8.42832565, -5.91120148),
	Vector3.new(-4.15439129, 8.59820271, -5.56251526),
	Vector3.new(-4.16314602, 8.65377617, -5.25092125),
	Vector3.new(-4.14714813, 8.63717461, -4.93908119),
	Vector3.new(-4.11790752, 8.54128265, -4.63031769),
	Vector3.new(-4.10904312, 8.3716917, -4.37183952),
	Vector3.new(-4.1047163, 8.21810627, -4.21450615),
	Vector3.new(-4.13126659, 7.95464516, -4.0678978),
	Vector3.new(-3.92204928, 8.04843616, -3.73523331),
	Vector3.new(-3.86064076, 7.77424622, -1.00227165),
	Vector3.new(-3.82177091, 7.66434956, 1.18400764),
	Vector3.new(-3.84573913, 7.49646568, 3.35668945),
	Vector3.new(-3.9813621, 7.9657526, 4.03311157),
	Vector3.new(-4.0485096, 8.83418465, 4.45034218),
	Vector3.new(-4.0528965, 9.13672352, 5.61248016),
	Vector3.new(-3.97733378, 8.68126297, 6.82535362),
	Vector3.new(-4.07450008, 8.22320366, 6.53159714),
	Vector3.new(-4.05443287, 8.40687752, 6.36552429),
	Vector3.new(-4.08090496, 8.54985714, 6.1076088),
	Vector3.new(-4.07424831, 8.64249039, 5.84027672),
	Vector3.new(-4.07404041, 8.66924477, 5.61392021),
	Vector3.new(-4.08582687, 8.64674282, 5.36995888),
	Vector3.new(-4.06442356, 8.59754372, 5.15932655),
	Vector3.new(-4.07866669, 8.43374062, 4.86217499),
	Vector3.new(-4.09688854, 8.17781448, 4.609972),
	Vector3.new(-4.12367535, 7.84817696, 4.44276619),
	Vector3.new(-4.14417648, 7.52704954, 4.38311577),
	Vector3.new(-4.11178684, 7.2257309, 4.38616562),
	Vector3.new(-4.12510586, 6.99340487, 4.45746994),
	Vector3.new(-4.14514351, 6.66412735, 4.6634388),
	Vector3.new(-4.1608839, 6.43146706, 4.9385376),
	Vector3.new(-4.12786198, 6.27922344, 5.2393856),
	Vector3.new(-4.16049767, 6.24266434, 5.56469536),
	Vector3.new(-4.14546394, 6.29945803, 5.96860313),
	Vector3.new(-4.13934135, 6.39454889, 6.18530083),
	Vector3.new(-4.15780354, 6.57428455, 6.41254425),
	Vector3.new(-4.09768581, 6.86702442, 6.66300011),
	Vector3.new(-4.0793848, 7.18483305, 6.7852478),
	Vector3.new(-4.10688019, 7.55150747, 6.79690742),
	Vector3.new(-4.07185364, 7.86449862, 6.73884201),
	Vector3.new(-4.07791901, 8.19658756, 6.55153084),
	Vector3.new(-4.14990425, 6.66937494, 4.66161919),
	Vector3.new(-4.1496315, 6.41771126, 4.95161247),
	Vector3.new(-4.11205769, 6.26046371, 5.28481293),
	Vector3.new(-4.12540913, 8.52467728, 6.12194252),
	Vector3.new(-4.08657455, 8.63909721, 5.8355732),
	Vector3.new(-4.09657001, 8.66164494, 5.57563972),
	Vector3.new(-4.14646816, 6.30042362, 5.97017097),
	Vector3.new(-4.16963577, 6.51498842, 6.33785439),
	Vector3.new(-4.16614819, 6.74235821, 6.55378914),
	Vector3.new(-4.04788017, 8.43931007, 4.83125496),
	Vector3.new(-4.06906414, 8.18558502, 4.60361099),
	Vector3.new(-4.09919453, 7.82612181, 4.42535782),
	Vector3.new(-4.15707016, 7.19131184, 6.75619698),
	Vector3.new(-4.09192085, 7.43316889, 6.80750656),
	Vector3.new(-4.08272552, 7.68113518, 6.78675842),
	Vector3.new(-4.12213421, 7.20847464, 4.39340591),
	Vector3.new(-4.10980892, 7.71226454, 6.76994133),
	Vector3.new(-4.08540726, 7.86283302, 6.73436928),
	Vector3.new(-4.07630348, 8.20728111, 6.54368019),
	Vector3.new(-4.00721455, 8.63257313, 6.80143166),
	Vector3.new(-3.93540597, 7.91066313, 7.19631958),
	Vector3.new(-3.74315262, 6.71354485, 7.05753326),
	Vector3.new(3.75070834, 6.64446592, 7.02532387),
	Vector3.new(3.49998045, 6.6113205, 7.61749077),
	Vector3.new(1.1305728, 6.65050125, 9.17711067),
	Vector3.new(1.14663792, 6.64690876, 7.05360413),
	Vector3.new(-1.20056415, 6.67476749, 7.04043579),
	Vector3.new(-1.06095421, 6.67433453, 9.16685867),
	Vector3.new(-1.24289751, 6.97755098, 6.69101715),
	Vector3.new(-1.55013323, 6.71639538, 4.06640625),
	Vector3.new(-3.7576921, 6.85173512, 4.08799171),
	Vector3.new(-1.56395948, 6.71659184, 4.06509781),
	Vector3.new(1.73358357, 6.67816401, 4.03540802),
	Vector3.new(1.15573728, 6.64701843, 7.02174759),
	Vector3.new(1.72364378, 6.67862606, 4.0069561),
	Vector3.new(3.73577905, 6.77642345, 4.06230354),
	Vector3.new(1.66729426, 6.6788125, 4.04005814),
	Vector3.new(1.58196044, 6.77753592, -3.83764648),
	Vector3.new(-1.39826965, 6.81178379, -3.78535843),
	Vector3.new(-1.47699881, 6.71503735, 4.09884262),
	Vector3.new(-1.36671925, 6.81159496, -3.80298996),
	Vector3.new(-1.26343215, 6.86771059, -6.95955276),
	Vector3.new(-1.372051, 6.81166077, -3.80273819),
	Vector3.new(1.56326497, 6.77776146, -3.83975792),
	Vector3.new(1.17273092, 7.0228858, -6.96137047),
	Vector3.new(1.57313085, 6.77712631, -3.79714966),
	Vector3.new(3.49651861, 6.86476898, -3.8524437),
	Vector3.new(1.56599343, 6.77706146, -3.78577995),
	Vector3.new(-1.36143315, 6.81119156, -3.77600479),
	Vector3.new(-3.64601254, 6.947155, -3.81799889)
}
