--hockey dragon

return {
	Vector3.new(0, 0, 0),
	Vector3.new(0, -0.560882568, -0.427642822),
	Vector3.new(0, -0.514503479, 0.384063721),
	Vector3.new(0, 0.118415833, 2.01519775),
	Vector3.new(0, -0.26650238, 1.81362915),
	Vector3.new(0, -1.05690765, 1.4296875),
	Vector3.new(0, -0.48991394, 2.49142456),
	Vector3.new(0, 0.480026245, 3.57403564),
	Vector3.new(0, 0.504264832, 3.9810791),
	Vector3.new(0, 0.000785827637, 3.97991943),
	Vector3.new(0, -0.421691895, 3.88406372),
	Vector3.new(0, -0.943534851, 3.63998413),
	Vector3.new(0, -0.312538147, 4.68460083),
	Vector3.new(0, 0.805908203, 5.62878418),
	Vector3.new(0, 1.51685333, 5.90652466),
	Vector3.new(0, 1.26049042, 6.19885254),
	Vector3.new(0, 0.855674744, 6.43890381),
	Vector3.new(0, 0.205360413, 6.51379395),
	Vector3.new(0, 0.790260315, 7.11297607),
	Vector3.new(0, 1.84056854, 7.70068359),
	Vector3.new(0, 3.31573486, 8.50650024),
	Vector3.new(0, 3.80282593, 8.74353027),
	Vector3.new(0, 3.14680481, 8.91656494),
	Vector3.new(0, 2.64661407, 9.15948486),
	Vector3.new(0, 1.5625, 9.36294556),
	Vector3.new(0, 3.23907471, 9.87020874),
	Vector3.new(0, 4.62805176, 10.3013),
	Vector3.new(0, 5.85850525, 10.7997742),
	Vector3.new(0, 5.63415527, 11.5435486),
	Vector3.new(0, 5.26599121, 12.0099487),
	Vector3.new(0, 4.2335434, 12.0896606),
	Vector3.new(0, 3.42520905, 12.0168152),
	Vector3.new(0, 4.61612701, 12.3842468),
	Vector3.new(0, 6.02259827, 12.5856018),
	Vector3.new(0, 7.84832001, 12.8126221),
	Vector3.new(0, 7.5986557, 12.1448669),
	Vector3.new(0, 8.61244965, 12.5280762),
	Vector3.new(0, 9.05217743, 13.2180481),
	Vector3.new(0, 8.46749115, 13.4969177),
	Vector3.new(0, 7.03041077, 13.8963623),
	Vector3.new(0, 8.53888702, 14.0541077),
	Vector3.new(0, 11.5069351, 14.1822815),
	Vector3.new(0, 10.9321594, 13.5539551),
	Vector3.new(0, 11.6571655, 13.3910217),
	Vector3.new(0, 12.7212753, 13.4886475),
	Vector3.new(0, 12.2700119, 14.0991516),
	Vector3.new(0, 11.9774399, 14.5246887),
	Vector3.new(0, 13.5170975, 14.3378906),
	Vector3.new(0, 14.2851868, 13.9658508),
	Vector3.new(0, 15.1842651, 13.6210022),
	Vector3.new(0, 15.8459091, 13.7268982),
	Vector3.new(0, 15.3458862, 14.3901978),
	Vector3.new(0, 14.976799, 14.9220276),
	Vector3.new(0, 16.8554688, 14.5753479),
	Vector3.new(0, 17.8049774, 14.2565308),
	Vector3.new(0, 18.9884644, 13.7529297),
	Vector3.new(0, 19.7005005, 13.7792664),
	Vector3.new(0, 18.80867, 14.2826538),
	Vector3.new(0, 18.5494919, 14.8399048),
	Vector3.new(0, 18.2384415, 15.5845642),
	Vector3.new(0, 19.7981873, 15.077179),
	Vector3.new(0, 21.1669312, 14.4038696),
	Vector3.new(0, 22.3211136, 13.8083801),
	Vector3.new(0, 22.8765488, 14.0578003),
	Vector3.new(0, 23.2935333, 14.7304993),
	Vector3.new(0, 23.3502731, 15.3536987),
	Vector3.new(0, 23.0290451, 15.9895325),
	Vector3.new(0, 21.6475143, 16.9174194),
	Vector3.new(0, 19.9026108, 17.7359924),
	Vector3.new(0, 17.4882584, 18.6438904),
	Vector3.new(0, 14.7280884, 19.7137451),
	Vector3.new(0, 11.811615, 20.5352783),
	Vector3.new(0, 17.5856552, 19.1099854),
	Vector3.new(0, 20.7295761, 18.1023254),
	Vector3.new(0, 22.9894562, 17.2395935),
	Vector3.new(0, 24.5529861, 16.3197327),
	Vector3.new(0, 25.0680771, 15.723938),
	Vector3.new(0, 24.9274521, 15.0295105),
	Vector3.new(0, 24.2456665, 14.5957947),
	Vector3.new(0, 23.0744095, 14.1554565),
	Vector3.new(0, 22.3124924, 13.7961121),
	Vector3.new(0, 23.22789, 13.1952209),
	Vector3.new(0, 23.5447006, 13.5516663),
	Vector3.new(0, 24.738205, 13.8928223),
	Vector3.new(0, 26.4123917, 14.4299316),
	Vector3.new(0, 28.5930023, 14.8768616),
	Vector3.new(0, 29.3765945, 15.0760803),
	Vector3.new(0, 30.7730637, 15.2571716),
	Vector3.new(0, 31.6433182, 15.776825),
	Vector3.new(0, 31.7337265, 16.8847351),
	Vector3.new(0, 32.6520004, 16.3426514),
	Vector3.new(0, 34.2356873, 14.8053284),
	Vector3.new(0, 35.4924545, 13.4382935),
	Vector3.new(0, 36.5137787, 12.2529297),
	Vector3.new(0, 37.2847977, 11.3585815),
	Vector3.new(0, 38.2568436, 10.030304),
	Vector3.new(0, 38.0269089, 11.1053467),
	Vector3.new(0, 37.6642227, 12.03125),
	Vector3.new(0, 36.9897385, 13.59729),
	Vector3.new(0, 36.0888443, 15.0718079),
	Vector3.new(0, 34.9059525, 16.7383728),
	Vector3.new(0, 33.3857498, 18.1539307),
	Vector3.new(0, 31.9176254, 19.2185059),
	Vector3.new(0, 30.139679, 19.9777222),
	Vector3.new(0, 28.5209732, 20.5637207),
	Vector3.new(0, 26.380928, 21.0808716),
	Vector3.new(0, 23.8680649, 21.6125183),
	Vector3.new(0, 20.96241, 22.0341492),
	Vector3.new(0, 18.4244614, 22.1478577),
	Vector3.new(0, 15.9742966, 22.275177),
	Vector3.new(0, 13.4140396, 22.1923523),
	Vector3.new(0, 11.4722672, 21.9165649),
	Vector3.new(0, 10.1905746, 21.4460144),
	Vector3.new(0, 9.29544067, 20.9720764),
	Vector3.new(0, 8.22064972, 21.5351868),
	Vector3.new(0, 6.83140564, 21.9923401),
	Vector3.new(0, 5.66392517, 21.8541565),
	Vector3.new(0, 4.40041351, 21.5279541),
	Vector3.new(0, 6.36727142, 22.2706604),
	Vector3.new(0, 8.75035858, 22.8618469),
	Vector3.new(0, 12.8550339, 23.1977234),
	Vector3.new(0, 17.5674362, 23.1151123),
	Vector3.new(0, 20.8579941, 22.6607971),
	Vector3.new(0, 24.2288284, 22.1023865),
	Vector3.new(0, 26.7290344, 21.5874939),
	Vector3.new(0, 30.6241455, 20.4619751),
	Vector3.new(0, 32.4521027, 19.5665283),
	Vector3.new(0, 34.0185165, 18.5033264),
	Vector3.new(0, 35.5237885, 17.1646729),
	Vector3.new(0, 37.0156403, 15.284668),
	Vector3.new(0, 38.2188797, 13.2276611),
	Vector3.new(0, 39.1503067, 11.2599792),
	Vector3.new(0, 39.7118912, 9.84329224),
	Vector3.new(0, 40.6012726, 8.79092407),
	Vector3.new(0, 40.9297638, 8.76461792),
	Vector3.new(0, 41.0195694, 11.1077271),
	Vector3.new(0, 40.7626877, 14.4202881),
	Vector3.new(0, 40.5226288, 15.6546936),
	Vector3.new(0, 39.6992493, 17.5750427),
	Vector3.new(0, 38.9009628, 18.9503479),
	Vector3.new(0, 37.8922119, 20.0760498),
	Vector3.new(0, 36.562439, 21.0932312),
	Vector3.new(0, 35.0294113, 22.0969543),
	Vector3.new(0, 33.4896469, 22.9770813),
	Vector3.new(0, 31.9262009, 23.7565918),
	Vector3.new(0, 29.9421158, 24.6091309),
	Vector3.new(0, 28.2179871, 25.2407532),
	Vector3.new(0, 26.0876999, 25.9901733),
	Vector3.new(0, 24.2427139, 26.4110413),
	Vector3.new(0, 21.8154907, 26.8648376),
	Vector3.new(0, 18.5699692, 26.8989563),
	Vector3.new(0, 17.6988525, 27.3765869),
	Vector3.new(0, 16.7747345, 27.8183289),
	Vector3.new(0, 15.820343, 28.0979309),
	Vector3.new(0, 14.3326721, 28.4234924),
	Vector3.new(0, 16.3667297, 28.4180603),
	Vector3.new(0, 18.2743225, 28.1624451),
	Vector3.new(0, 19.4262924, 27.8312073),
	Vector3.new(0, 22.6263275, 27.391449),
	Vector3.new(0, 25.4050369, 26.6837463),
	Vector3.new(0, 27.3145752, 26.1119995),
	Vector3.new(0, 30.7081528, 24.7227478),
	Vector3.new(0, 34.2960052, 22.9345398),
	Vector3.new(0, 36.5555649, 21.5811462),
	Vector3.new(0, 38.2278137, 20.2656555),
	Vector3.new(0, 39.5764618, 18.7867737),
	Vector3.new(0, 40.6011429, 16.9515991),
	Vector3.new(0, 41.2529755, 15.6616211),
	Vector3.new(0, 41.8206406, 13.9826355),
	Vector3.new(0, 42.0716019, 11.6803284),
	Vector3.new(0, 42.1313248, 9.61502075),
	Vector3.new(0, 42.2239456, 7.77554321),
	Vector3.new(0, 42.8243637, 8.72576904),
	Vector3.new(0, 43.4836807, 10.4602966),
	Vector3.new(0, 43.8996506, 11.9792175),
	Vector3.new(0, 44.0068436, 14.2276611),
	Vector3.new(0, 43.7685928, 16.0692444),
	Vector3.new(0, 43.2625046, 17.1979065),
	Vector3.new(0, 42.6386948, 18.3450623),
	Vector3.new(0, 41.6672745, 19.7421875),
	Vector3.new(0, 40.5164871, 20.9844666),
	Vector3.new(0, 39.0710678, 22.3861694),
	Vector3.new(0, 37.8870544, 23.3967896),
	Vector3.new(0, 36.3516235, 24.5545349),
	Vector3.new(0, 34.5270386, 25.7883911),
	Vector3.new(0, 32.7016907, 26.7660522),
	Vector3.new(0, 30.8832321, 27.5058899),
	Vector3.new(0, 29.9908829, 27.8714905),
	Vector3.new(0, 29.0255356, 27.8564758),
	Vector3.new(0, 28.7889709, 28.3661194),
	Vector3.new(0, 28.2389984, 29.034668),
	Vector3.new(0, 27.6811752, 29.5003357),
	Vector3.new(0, 27.0582504, 29.9975891),
	Vector3.new(0, 26.3029327, 30.3057861),
	Vector3.new(0, 27.4334717, 30.0651245),
	Vector3.new(0, 28.6452484, 29.6956482),
	Vector3.new(0, 29.9670792, 28.8763733),
	Vector3.new(0, 31.0217438, 28.1877747),
	Vector3.new(0, 32.5240631, 27.5535583),
	Vector3.new(0, 34.146637, 26.6565857),
	Vector3.new(0, 36.1502151, 25.3528137),
	Vector3.new(0, 38.0396729, 23.8494568),
	Vector3.new(0, 40.1870575, 21.8867188),
	Vector3.new(0, 41.7073135, 20.2872314),
	Vector3.new(0, 42.6886215, 18.9142151),
	Vector3.new(0, 43.6839218, 17.305481),
	Vector3.new(0, 44.3229752, 15.9540405),
	Vector3.new(0, 44.5648422, 14.638916),
	Vector3.new(0, 44.6467819, 12.8883972),
	Vector3.new(0, 44.4190903, 10.5368042),
	Vector3.new(0, 43.8626328, 8.83914185),
	Vector3.new(0, 43.1448441, 7.37207031),
	Vector3.new(0, 42.4460068, 5.70889282),
	Vector3.new(0, 42.1763535, 4.21368408),
	Vector3.new(0, 41.5538712, 3.3109436),
	Vector3.new(0, 40.4787827, 2.44268799),
	Vector3.new(0, 39.5121536, 1.91766357),
	Vector3.new(0, 38.7368851, 1.61962891),
	Vector3.new(0, 39.6542435, 2.53814697),
	Vector3.new(0, 40.2069397, 3.32009888),
	Vector3.new(0, 40.6398087, 4.38012695),
	Vector3.new(0, 40.8575745, 5.01141357),
	Vector3.new(0, 40.9117661, 6.15145874),
	Vector3.new(0, 40.6822433, 5.71646118),
	Vector3.new(0, 40.6424332, 5.13278198),
	Vector3.new(0, 40.2816696, 4.3480835),
	Vector3.new(0, 40.2711258, 5.31646729),
	Vector3.new(0, 40.1027069, 6.22879028),
	Vector3.new(0, 39.5433578, 7.30645752),
	Vector3.new(0, 38.8453598, 8.38751221),
	Vector3.new(0, 37.8731613, 9.55209351),
	Vector3.new(0, 36.9002457, 10.7449646),
	Vector3.new(0, 35.5183487, 12.0185547),
	Vector3.new(0, 34.4351578, 13.0479736),
	Vector3.new(0, 32.9748917, 13.826416),
	Vector3.new(0, 31.8973923, 14.2514038),
	Vector3.new(0, 30.2676239, 14.23172),
	Vector3.new(0, 28.943306, 14.1343994),
	Vector3.new(0, 27.7605515, 13.6244202),
	Vector3.new(0, 26.7192535, 12.849762),
	Vector3.new(0, 26.2204208, 12.1625977),
	Vector3.new(0, 25.9944382, 10.9174805),
	Vector3.new(0, 25.6147232, 11.98172),
	Vector3.new(0, 24.9990768, 12.4883423),
	Vector3.new(0, 24.2000046, 13.0529175),
	Vector3.new(0, 23.5867004, 13.4065552),
	Vector3.new(0, 23.2289352, 13.1433411),
	Vector3.new(0, 23.5655365, 12.7388306),
	Vector3.new(0, 24.1346436, 12.5091248),
	Vector3.new(0, 24.9835205, 11.9923401),
	Vector3.new(0, 23.3009109, 12.0912476),
	Vector3.new(0, 22.14534, 12.022583),
	Vector3.new(0, 21.4504013, 11.8571167),
	Vector3.new(0, 20.4922409, 11.3970947),
	Vector3.new(0, 19.6824036, 11.7845764),
	Vector3.new(0, 18.654213, 12.2446899),
	Vector3.new(0, 17.0774612, 12.3040466),
	Vector3.new(0, 15.420723, 12.3215027),
	Vector3.new(0, 13.6763382, 12.2055969),
	Vector3.new(0, 12.134552, 11.9982605),
	Vector3.new(0, 10.7162476, 11.5223389),
	Vector3.new(0, 9.28912354, 10.9929504),
	Vector3.new(0, 7.66208649, 10.1389465),
	Vector3.new(0, 6.36703491, 9.33630371),
	Vector3.new(0, 5.20705414, 8.5838623),
	Vector3.new(0, 4.18645477, 7.66397095),
	Vector3.new(0, 2.98193359, 6.43209839),
	Vector3.new(0, 2.13672638, 5.27694702),
	Vector3.new(0, 1.54489136, 4.25296021),
	Vector3.new(0, 1.10887146, 3.3765564),
	Vector3.new(0, 1.50337982, 4.53436279),
	Vector3.new(0, 2.22930145, 6.05325317),
	Vector3.new(0, 3.04248047, 7.21453857),
	Vector3.new(0, 4.10631561, 8.3789978),
	Vector3.new(0, 5.39138794, 9.56134033),
	Vector3.new(0, 6.83461761, 10.50177),
	Vector3.new(0, 8.36312103, 11.2885437),
	Vector3.new(0, 10.1272583, 11.9952698),
	Vector3.new(0, 11.912529, 12.605835),
	Vector3.new(0, 12.8993225, 13.0069275),
	Vector3.new(0, 13.7492371, 13.2046204),
	Vector3.new(0, 12.7362747, 13.4904785),
	Vector3.new(0, 13.7522812, 13.2285156),
	Vector3.new(0, 14.5293655, 13.0908813),
	Vector3.new(0, 15.849884, 13.1016235),
	Vector3.new(0, 16.7915497, 13.3545837),
	Vector3.new(0, 16.6873398, 13.8944702),
	Vector3.new(0, 18.1220322, 13.4226379),
	Vector3.new(0, 19.5390701, 12.9642944),
	Vector3.new(0, 20.2915344, 13.0172729),
	Vector3.new(0, 20.8217239, 13.5169678),
	Vector3.new(0, 22.4101639, 12.602356),
	Vector3.new(0, 24.9806671, 11.9782104),
	Vector3.new(0, 24.2252655, 11.4040833),
	Vector3.new(0, 22.8153992, 11.3352661),
	Vector3.new(0, 22.0172424, 11.1674805),
	Vector3.new(0, 21.0943451, 10.9057312),
	Vector3.new(0, 20.4967651, 10.4967041),
	Vector3.new(0, 21.3032913, 9.88250732),
	Vector3.new(0, 21.8529205, 9.28448486),
	Vector3.new(0, 22.3455734, 8.89352417),
	Vector3.new(0, 22.6647186, 8.6524353),
	Vector3.new(0, 23.1398544, 7.77752686),
	Vector3.new(0, 23.3359756, 7.4871521),
	Vector3.new(0, 23.4945679, 7.21884155),
	Vector3.new(0, 22.6395264, 7.02664185),
	Vector3.new(0, 22.1497803, 7.88339233),
	Vector3.new(0, 21.4166107, 8.58935547),
	Vector3.new(0, 20.7012329, 9.02947998),
	Vector3.new(0, 19.5114365, 9.32037354),
	Vector3.new(0, 18.435936, 9.80780029),
	Vector3.new(0, 17.7360916, 10.1383667),
	Vector3.new(0, 17.3951187, 10.5185852),
	Vector3.new(0, 17.444191, 11.1102295),
	Vector3.new(0, 18.1004181, 11.1458435),
	Vector3.new(0, 18.6451797, 10.9372864),
	Vector3.new(0, 19.1981049, 10.7658386),
	Vector3.new(0, 18.4546509, 11.4413757),
	Vector3.new(0, 17.4151154, 11.615509),
	Vector3.new(0, 16.4361649, 11.710907),
	Vector3.new(0, 14.5012054, 11.7428284),
	Vector3.new(0, 15.3548431, 11.3405762),
	Vector3.new(0, 16.226738, 10.8119812),
	Vector3.new(0, 16.7266693, 10.2375183),
	Vector3.new(0, 17.0855713, 9.49822998),
	Vector3.new(0, 17.3944397, 9.01589966),
	Vector3.new(0, 18.3356781, 8.77981567),
	Vector3.new(0, 19.2597122, 8.18032837),
	Vector3.new(0, 20.0903244, 7.75140381),
	Vector3.new(0, 20.8577499, 7.61343384),
	Vector3.new(0, 21.5359344, 7.50430298),
	Vector3.new(0, 22.4396667, 7.02355957),
	Vector3.new(0, 21.2327042, 6.91207886),
	Vector3.new(0, 20.0692368, 6.70669556),
	Vector3.new(0, 19.6066895, 7.48754883),
	Vector3.new(0, 18.5419998, 7.80700684),
	Vector3.new(0, 17.5278244, 8.21563721),
	Vector3.new(0, 16.9456635, 8.50842285),
	Vector3.new(0, 16.6257553, 8.88748169),
	Vector3.new(0, 16.3348999, 9.23745728),
	Vector3.new(0, 16.1624069, 9.75970459),
	Vector3.new(0, 15.7255249, 10.1689148),
	Vector3.new(0, 14.9354172, 10.6700439),
	Vector3.new(0, 14.2010345, 11.1143188),
	Vector3.new(0, 13.57827, 11.2402344),
	Vector3.new(0, 14.6106567, 10.7036438),
	Vector3.new(0, 15.2826233, 10.0007324),
	Vector3.new(0, 15.6900101, 9.41687012),
	Vector3.new(0, 15.8020706, 8.68902588),
	Vector3.new(0, 16.0625534, 8.01638794),
	Vector3.new(0, 16.7957687, 7.6348877),
	Vector3.new(0, 17.2924957, 7.28393555),
	Vector3.new(0, 16.7350998, 7.19567871),
	Vector3.new(0, 16.4122543, 7.371521),
	Vector3.new(0, 15.7048035, 7.60662842),
	Vector3.new(0, 14.9059296, 7.96072388),
	Vector3.new(0, 14.341362, 8.19781494),
	Vector3.new(0, 14.1688309, 8.72772217),
	Vector3.new(0, 13.936821, 9.25698853),
	Vector3.new(0, 13.4341125, 9.70053101),
	Vector3.new(0, 12.8974609, 9.96957397),
	Vector3.new(0, 12.3278198, 10.1811829),
	Vector3.new(0, 12.9794922, 9.49978638),
	Vector3.new(0, 13.3602066, 8.85021973),
	Vector3.new(0, 13.4999619, 8.17120361),
	Vector3.new(0, 13.7936249, 7.66763306),
	Vector3.new(0, 14.7464066, 7.04586792),
	Vector3.new(0, 13.7611084, 7.13735962),
	Vector3.new(0, 12.5900497, 7.09381104),
	Vector3.new(0, 11.6149063, 6.84475708),
	Vector3.new(0, 10.9771729, 6.66040039),
	Vector3.new(0, 11.0575027, 6.15133667),
	Vector3.new(0, 11.2939301, 5.66555786),
	Vector3.new(0, 11.7181778, 4.68011475),
	Vector3.new(0, 12.0547714, 3.96652222),
	Vector3.new(0, 12.2833405, 3.33905029),
	Vector3.new(0, 11.9836426, 3.17443848),
	Vector3.new(0, 11.7053528, 3.55596924),
	Vector3.new(0, 11.3821945, 4.14352417),
	Vector3.new(0, 10.8496628, 4.68218994),
	Vector3.new(0, 10.3012085, 5.14233398),
	Vector3.new(0, 9.68517303, 5.49737549),
	Vector3.new(0, 9.28268433, 6.07836914),
	Vector3.new(0, 9.07678986, 6.6656189),
	Vector3.new(0, 9.64035034, 7.25286865),
	Vector3.new(0, 10.5167542, 7.40115356),
	Vector3.new(0, 12.0226364, 7.53219604),
	Vector3.new(0, 10.8843689, 7.67025757),
	Vector3.new(0, 10.8383942, 8.27676392),
	Vector3.new(0, 10.3080521, 8.70574951),
	Vector3.new(0, 9.96773529, 9.1678772),
	Vector3.new(0, 9.90810394, 9.8371582),
	Vector3.new(0, 10.5038147, 10.269165),
	Vector3.new(0, 11.4198227, 10.7314148),
	Vector3.new(0, 12.0822525, 11.022583),
	Vector3.new(0, 10.9350891, 10.7740784),
	Vector3.new(0, 9.40351868, 10.2433777),
	Vector3.new(0, 7.59216309, 9.5718689),
	Vector3.new(0, 6.68608093, 8.96511841),
	Vector3.new(0, 5.39627075, 8.0718689),
	Vector3.new(0, 4.50630951, 7.23550415),
	Vector3.new(0, 3.56213379, 6.20788574),
	Vector3.new(0, 2.40841675, 4.65829468),
	Vector3.new(0, 1.40865326, 2.69488525),
	Vector3.new(0, 0.744781494, 1.76010132),
	Vector3.new(0, 0.487251282, 0.829650879),
	Vector3.new(0, 0.484535217, -0.943817139),
	Vector3.new(0, 0.723609924, -2.43667603),
	Vector3.new(0, 1.5933075, -4.44454956),
	Vector3.new(0, 2.54659271, -6.0425415),
	Vector3.new(0, 3.82709503, -7.53491211),
	Vector3.new(0, 5.19239044, -9.00738525),
	Vector3.new(0, 5.52552795, -8.68164063),
	Vector3.new(0, 6.52006531, -9.68078613),
	Vector3.new(0, 7.52854919, -10.5737),
	Vector3.new(0, 8.62360382, -11.1640625),
	Vector3.new(0, 10.1850433, -11.7559814),
	Vector3.new(0, 11.4703903, -12.125885),
	Vector3.new(0, 12.8017654, -12.361145),
	Vector3.new(0, 13.5395279, -12.268158),
	Vector3.new(0, 11.9085312, -11.9284668),
	Vector3.new(0, 10.2562332, -11.3015442),
	Vector3.new(0, 8.73855591, -10.4689331),
	Vector3.new(0, 7.49882507, -9.49575806),
	Vector3.new(0, 5.9764328, -8.30426025),
	Vector3.new(0, 4.97386932, -7.0050354),
	Vector3.new(0, 4.11269379, -5.87106323),
	Vector3.new(0, 3.27835846, -4.63336182),
	Vector3.new(0, 2.69271088, -3.37866211),
	Vector3.new(0, 2.475914, -1.20681763),
	Vector3.new(0, 2.43670654, -2.96865845),
	Vector3.new(0, 2.92971039, -4.63040161),
	Vector3.new(0, 4.10083771, -6.54937744),
	Vector3.new(0, 5.40320587, -8.64868164),
	Vector3.new(0, 5.1945343, -8.85855103),
	Vector3.new(0, 4.41444397, -8.01968384),
	Vector3.new(0, 3.32628632, -6.60580444),
	Vector3.new(0, 2.39258575, -4.9510498),
	Vector3.new(0, 1.89238739, -3.31628418),
	Vector3.new(0, 1.56638336, -1.84143066),
	Vector3.new(0, 1.42034149, -0.415893555),
	Vector3.new(0, 1.36232758, 0.877655029),
	Vector3.new(0, 1.57485199, 2.13632202),
	Vector3.new(0, 1.97156525, 3.74880981),
	Vector3.new(0, 2.74216461, 4.92349243),
	Vector3.new(0, 4.15853882, 6.13842773),
	Vector3.new(0, 5.26033783, 6.68322754),
	Vector3.new(0, 4.76008606, 5.47659302),
	Vector3.new(0, 3.7853241, 3.92889404),
	Vector3.new(0, 3.12448883, 2.66833496),
	Vector3.new(0, 2.82671356, 0.826019287),
	Vector3.new(0, 2.94861603, -1.63143921),
	Vector3.new(0, 3.51053619, -3.79824829),
	Vector3.new(0, 4.70095825, -5.86499023),
	Vector3.new(0, 6.18680573, -7.47583008),
	Vector3.new(0, 7.6574707, -8.83334351),
	Vector3.new(0, 9.58058929, -9.9850769),
	Vector3.new(0, 10.9541016, -10.6429749),
	Vector3.new(0, 12.4027557, -11.1525574),
	Vector3.new(0, 14.3166733, -11.6524963),
	Vector3.new(0, 16.3432007, -11.9127502),
	Vector3.new(0, 18.6709061, -11.7313538),
	Vector3.new(0, 20.4822998, -11.2052612),
	Vector3.new(0, 21.7124023, -10.573822),
	Vector3.new(0, 23.3376007, -9.37561035),
	Vector3.new(0, 22.9101181, -10.0422974),
	Vector3.new(0, 21.7963791, -11.0959167),
	Vector3.new(0, 20.6519852, -11.897644),
	Vector3.new(0, 19.517128, -12.3786316),
	Vector3.new(0, 18.1539612, -12.6043091),
	Vector3.new(0, 16.8011475, -12.6752014),
	Vector3.new(0, 14.3691635, -12.5332336),
	Vector3.new(0, 15.5242767, -13.1943359),
	Vector3.new(0, 17.080719, -13.6698303),
	Vector3.new(0, 18.6415787, -13.9148865),
	Vector3.new(0, 19.895462, -13.9042358),
	Vector3.new(0, 18.2651901, -13.6090698),
	Vector3.new(0, 17.322998, -13.3569336),
	Vector3.new(0, 16.5531235, -12.98526),
	Vector3.new(0, 16.8969269, -12.9062195),
	Vector3.new(0, 18.4956818, -13.0781555),
	Vector3.new(0, 19.661087, -13.1900024),
	Vector3.new(0, 21.1873322, -13.2764282),
	Vector3.new(0, 22.2396011, -13.1089172),
	Vector3.new(0, 22.9578476, -12.8458862),
	Vector3.new(0, 23.3033905, -12.5755615),
	Vector3.new(0, 22.4699249, -12.7471924),
	Vector3.new(0, 20.9624786, -12.7385254),
	Vector3.new(0, 20.2226257, -12.5777588),
	Vector3.new(0, 21.5650024, -12.2717285),
	Vector3.new(0, 22.6162109, -12.162262),
	Vector3.new(0, 23.5788422, -11.6668396),
	Vector3.new(0, 24.0679016, -11.1418152),
	Vector3.new(0, 24.3607025, -10.7652588),
	Vector3.new(0, 23.4948273, -11.1375427),
	Vector3.new(0, 22.4514542, -11.387207),
	Vector3.new(0, 23.1925659, -10.6611023),
	Vector3.new(0, 23.8055954, -9.53811646),
	Vector3.new(0, 24.0445099, -8.91864014),
	Vector3.new(0, 24.2458954, -7.96682739),
	Vector3.new(0, 24.2746735, -7.09899902),
	Vector3.new(0, 24.272316, -5.82513428),
	Vector3.new(0, 23.8905563, -8.02819824),
	Vector3.new(0, 23.4100037, -8.7510376),
	Vector3.new(0, 22.6766281, -9.449646),
	Vector3.new(0, 21.3980637, -10.2728271),
	Vector3.new(0, 20.4354019, -10.7833557),
	Vector3.new(0, 19.1060257, -11.2293396),
	Vector3.new(0, 17.8848801, -11.3805542),
	Vector3.new(0, 16.0886841, -11.4057312),
	Vector3.new(0, 14.5055161, -11.2289429),
	Vector3.new(0, 13.0403442, -10.8543091),
	Vector3.new(0, 11.3598557, -10.1045227),
	Vector3.new(0, 10.1303864, -9.46984863),
	Vector3.new(0, 8.5122757, -8.24447632),
	Vector3.new(0, 7.12597656, -6.81121826),
	Vector3.new(0, 6.11425018, -5.29818726),
	Vector3.new(0, 5.31843567, -3.47497559),
	Vector3.new(0, 5.10980225, -1.59017944),
	Vector3.new(0, 5.26485443, -0.00469970703),
	Vector3.new(0, 5.77302551, 1.5770874),
	Vector3.new(0, 6.40229034, 2.33734131),
	Vector3.new(0, 7.16426849, 3.40054321),
	Vector3.new(0, 7.57996368, 4.1708374),
	Vector3.new(0, 7.53672028, 5.3052063),
	Vector3.new(0, 7.21755219, 6.40048218),
	Vector3.new(0, 6.97704315, 6.90612793),
	Vector3.new(0, 6.92411041, 6.00369263),
	Vector3.new(0, 6.50913239, 4.91680908),
	Vector3.new(0, 5.98204803, 4.2170105),
	Vector3.new(0, 5.23790741, 2.93395996),
	Vector3.new(0, 4.69684601, 1.99047852),
	Vector3.new(0, 4.10601044, 1.25726318),
	Vector3.new(0, 4.01274872, 2.28689575),
	Vector3.new(0, 4.18152618, 3.40808105),
	Vector3.new(0, 4.52309418, 4.54840088),
	Vector3.new(0, 5.21105194, 6.08248901),
	Vector3.new(0, 5.33740997, 6.67294312),
	Vector3.new(0, 6.3861618, 7.25469971),
	Vector3.new(0, 7.48059845, 7.82110596),
	Vector3.new(0, 8.67663574, 8.04858398),
	Vector3.new(0, 10.1144333, 8.22772217),
	Vector3.new(0, 10.7433167, 8.15365601),
	Vector3.new(0, 10.7328873, 7.65103149),
	Vector3.new(0, 9.98145294, 7.67321777),
	Vector3.new(0, 9.22143555, 7.60144043),
	Vector3.new(0, 8.2049942, 7.36456299),
	Vector3.new(0, 7.45301819, 7.23394775),
	Vector3.new(0, 8.18546295, 6.21435547),
	Vector3.new(0, 9.14890289, 5.16409302),
	Vector3.new(0, 9.81614685, 4.74508667),
	Vector3.new(0, 10.3895874, 4.20132446),
	Vector3.new(0, 10.4746246, 3.49127197),
	Vector3.new(0, 10.1576691, 2.8977356),
	Vector3.new(0, 9.78430939, 2.43991089),
	Vector3.new(0, 9.76044464, 1.50726318),
	Vector3.new(0, 9.81541443, 1.03637695),
	Vector3.new(0, 9.9630127, 0.829589844),
	Vector3.new(0, 10.0872269, 1.3633728),
	Vector3.new(0, 10.4080048, 1.97149658),
	Vector3.new(0, 10.7631378, 2.31143188),
	Vector3.new(0, 11.4022598, 2.28308105),
	Vector3.new(0, 11.4931259, 1.52713013),
	Vector3.new(0, 11.2100601, 1.06469727),
	Vector3.new(0, 11.3960953, 0.684234619),
	Vector3.new(0, 11.6407089, 0.343933105),
	Vector3.new(0, 11.7294312, -0.029296875),
	Vector3.new(0, 12.0687027, 0.582336426),
	Vector3.new(0, 12.3428268, 0.813201904),
	Vector3.new(0, 12.2602158, 1.35110474),
	Vector3.new(0, 12.2072601, 1.93069458),
	Vector3.new(0, 12.2427292, 2.29000854),
	Vector3.new(0, 12.7272949, 2.19665527),
	Vector3.new(0, 13.1634445, 1.72167969),
	Vector3.new(0, 13.287262, 0.845916748),
	Vector3.new(0, 13.5309219, 0.302215576),
	Vector3.new(0, 13.6346817, -0.0262145996),
	Vector3.new(0, 13.8432999, 0.316192627),
	Vector3.new(0, 14.0021362, 0.840057373),
	Vector3.new(0, 13.9887314, 1.27035522),
	Vector3.new(0, 13.6896973, 1.76296997),
	Vector3.new(0, 13.5366974, 2.49310303),
	Vector3.new(0, 14.2260513, 2.33792114),
	Vector3.new(0, 14.6046677, 1.90356445),
	Vector3.new(0, 15.0303116, 1.51171875),
	Vector3.new(0, 14.8203659, 2.37374878),
	Vector3.new(0, 14.3593674, 2.84683228),
	Vector3.new(0, 13.855484, 3.33422852),
	Vector3.new(0, 13.4756012, 3.46990967),
	Vector3.new(0, 13.0953445, 3.87503052),
	Vector3.new(0, 12.8327255, 4.45654297),
	Vector3.new(0, 12.3032379, 4.98202515),
	Vector3.new(0, 11.9571381, 5.53616333),
	Vector3.new(0, 11.8038406, 6.20565796),
	Vector3.new(0, 12.7297287, 6.73995972),
	Vector3.new(0, 14.1827087, 7.02612305),
	Vector3.new(0, 15.4218063, 6.94671631),
	Vector3.new(0, 16.7829132, 7.01800537),
	Vector3.new(0, 17.9755325, 7.27435303),
	Vector3.new(0, 19.5108871, 7.37387085),
	Vector3.new(0, 20.0332947, 6.70736694),
	Vector3.new(0, 18.8885345, 6.36541748),
	Vector3.new(0, 17.9950256, 5.96417236),
	Vector3.new(0, 17.4960022, 5.52355957),
	Vector3.new(0, 18.3066711, 5.05587769),
	Vector3.new(0, 18.7861252, 4.31399536),
	Vector3.new(0, 19.2423935, 3.80496216),
	Vector3.new(0, 19.7364426, 3.25708008),
	Vector3.new(0, 20.0875778, 2.98794556),
	Vector3.new(0, 19.7271729, 2.52990723),
	Vector3.new(0, 19.0530701, 2.26190186),
	Vector3.new(0, 18.8128815, 3.02548218),
	Vector3.new(0, 18.547287, 3.86032104),
	Vector3.new(0, 18.2337265, 4.57498169),
	Vector3.new(0, 17.6058731, 5.23126221),
	Vector3.new(0, 17.2616806, 5.26489258),
	Vector3.new(0, 17.1358109, 4.74053955),
	Vector3.new(0, 17.2453461, 4.36590576),
	Vector3.new(0, 17.7846603, 3.91784668),
	Vector3.new(0, 18.2572403, 3.21829224),
	Vector3.new(0, 18.4582214, 2.7409668),
	Vector3.new(0, 18.560791, 1.70935059),
	Vector3.new(0, 18.7910919, 1.37194824),
	Vector3.new(0, 19.0392609, 1.6131897),
	Vector3.new(0, 19.4020691, 1.85247803),
	Vector3.new(0, 19.5845795, 1.40228271),
	Vector3.new(0, 19.8076248, 0.579315186),
	Vector3.new(0, 19.7913513, 0.0982055664),
	Vector3.new(0, 20.3857803, -0.21774292),
	Vector3.new(0, 20.2215576, 0.362579346),
	Vector3.new(0, 20.2995682, 0.700653076),
	Vector3.new(0, 20.6867752, 0.570678711),
	Vector3.new(0, 21.1285019, -0.140838623),
	Vector3.new(0, 21.8622971, -0.266143799),
	Vector3.new(0, 21.4737473, 0.335205078),
	Vector3.new(0, 21.1045227, 0.553161621),
	Vector3.new(0, 20.816658, 1.13623047),
	Vector3.new(0, 21.414978, 1.11560059),
	Vector3.new(0, 21.7038727, 0.67276001),
	Vector3.new(0, 22.5726013, 0.491546631),
	Vector3.new(0, 22.423111, 1.0809021),
	Vector3.new(0, 21.9287033, 1.15563965),
	Vector3.new(0, 21.3650589, 1.66021729),
	Vector3.new(0, 21.4995041, 2.08352661),
	Vector3.new(0, 21.99263, 1.84387207),
	Vector3.new(0, 22.5243835, 1.59963989),
	Vector3.new(0, 23.0118103, 1.81872559),
	Vector3.new(0, 22.3208313, 2.0369873),
	Vector3.new(0, 21.8819809, 2.33172607),
	Vector3.new(0, 21.2446594, 2.51257324),
	Vector3.new(0, 20.589798, 2.69052124),
	Vector3.new(0, 20.5694733, 3.32922363),
	Vector3.new(0, 19.8628311, 3.85205078),
	Vector3.new(0, 19.5356369, 4.44586182),
	Vector3.new(0, 19.4685974, 4.87445068),
	Vector3.new(0, 20.0678864, 4.66751099),
	Vector3.new(0, 20.4759369, 4.45474243),
	Vector3.new(0, 21.2641678, 4.43463135),
	Vector3.new(0, 22.2200623, 4.41540527),
	Vector3.new(0, 23.1142502, 4.90185547),
	Vector3.new(0, 21.9344177, 4.77362061),
	Vector3.new(0, 21.507225, 5.04278564),
	Vector3.new(0, 20.6588974, 5.05551147),
	Vector3.new(0, 20.7637787, 5.38278198),
	Vector3.new(0, 21.5780029, 5.50979614),
	Vector3.new(0, 22.506813, 5.47592163),
	Vector3.new(0, 23.3168106, 5.18591309),
	Vector3.new(0, 23.4590759, 5.44119263),
	Vector3.new(0, 23.0047531, 5.90383911),
	Vector3.new(0, 22.3800049, 6.29800415),
	Vector3.new(0, 21.7605057, 6.87271118),
	Vector3.new(0, 22.5254593, 6.41241455),
	Vector3.new(0, 23.6101685, 5.52868652),
	Vector3.new(0, 24.4064713, 5.18478394),
	Vector3.new(0, 24.7580948, 4.20397949),
	Vector3.new(0, 25.1329498, 3.73651123),
	Vector3.new(0, 26.3108673, 3.41397095),
	Vector3.new(0, 27.0680313, 3.22930908),
	Vector3.new(0, 27.8280258, 3.09124756),
	Vector3.new(0, 27.9276276, 3.80108643),
	Vector3.new(0, 28.1698914, 4.37130737),
	Vector3.new(0, 28.5972137, 3.90011597),
	Vector3.new(0, 29.747345, 3.57635498),
	Vector3.new(0, 30.6189804, 3.05484009),
	Vector3.new(0, 31.4110336, 2.37631226),
	Vector3.new(0, 32.1094284, 1.51699829),
	Vector3.new(0, 32.5021439, 0.588867188),
	Vector3.new(0, 32.5533066, -0.543151855),
	Vector3.new(0, 32.2340775, -1.09628296),
	Vector3.new(0, 31.4683304, -1.56692505),
	Vector3.new(0, 30.7850266, -1.75726318),
	Vector3.new(0, 31.3784561, -2.12960815),
	Vector3.new(0, 31.9515991, -2.58380127),
	Vector3.new(0, 32.2080994, -3.22891235),
	Vector3.new(0, 32.770607, -3.30575562),
	Vector3.new(0, 32.4851456, -3.83538818),
	Vector3.new(0, 32.2716522, -4.15719604),
	Vector3.new(0, 31.9715576, -4.33383179),
	Vector3.new(0, 31.7740173, -3.67764282),
	Vector3.new(0, 31.4003677, -3.30197144),
	Vector3.new(0, 31.0203552, -2.52728271),
	Vector3.new(0, 30.8133926, -2.31924438),
	Vector3.new(0, 30.8073044, -3.33062744),
	Vector3.new(0, 30.5637589, -3.6322937),
	Vector3.new(0, 30.0442429, -3.61862183),
	Vector3.new(0, 29.7122955, -4.0769043),
	Vector3.new(0, 29.6955338, -4.8399353),
	Vector3.new(0, 28.9545746, -5.31732178),
	Vector3.new(0, 28.6537704, -5.6133728),
	Vector3.new(0, 27.9883041, -5.78875732),
	Vector3.new(0, 27.5899429, -6.14877319),
	Vector3.new(0, 26.8217926, -6.29733276),
	Vector3.new(0, 26.1987762, -6.60101318),
	Vector3.new(0, 25.5345535, -7.0930481),
	Vector3.new(0, 25.3082962, -7.40322876),
	Vector3.new(0, 26.2515717, -7.18515015),
	Vector3.new(0, 26.4651489, -7.4624939),
	Vector3.new(0, 26.4706192, -7.09259033),
	Vector3.new(0, 27.4909821, -6.93917847),
	Vector3.new(0, 28.2867126, -6.66610718),
	Vector3.new(0, 28.5000534, -6.42446899),
	Vector3.new(0, 29.5833435, -6.45788574),
	Vector3.new(0, 29.6737747, -6.75897217),
	Vector3.new(0, 29.0127487, -6.7883606),
	Vector3.new(0, 28.3460159, -6.96990967),
	Vector3.new(0, 27.8564453, -7.21411133),
	Vector3.new(0, 27.9446487, -7.73501587),
	Vector3.new(0, 27.4210129, -7.82958984),
	Vector3.new(0, 27.2091293, -7.42990112),
	Vector3.new(0, 26.8361359, -7.58496094),
	Vector3.new(0, 26.7041168, -8.17404175),
	Vector3.new(0, 26.3036804, -7.83459473),
	Vector3.new(0, 26.0163803, -8.17837524),
	Vector3.new(0, 25.1599579, -8.43478394),
	Vector3.new(0, 25.7844696, -8.83798218),
	Vector3.new(0, 26.6606445, -9.08013916),
	Vector3.new(0, 27.1277084, -9.20022583),
	Vector3.new(0, 28.3351212, -9.27944946),
	Vector3.new(0, 28.3991013, -8.91433716),
	Vector3.new(0, 30.6709213, -8.82861328),
	Vector3.new(0, 30.7583847, -8.52252197),
	Vector3.new(0, 31.3387527, -8.55032349),
	Vector3.new(0, 32.0710754, -8.59359741),
	Vector3.new(0, 32.6517868, -8.33953857),
	Vector3.new(0, 31.7929916, -8.2668457),
	Vector3.new(0, 31.4294586, -8.1048584),
	Vector3.new(0, 30.7025986, -7.98776245),
	Vector3.new(0, 29.2990799, -7.97409058),
	Vector3.new(0, 29.7638626, -7.66601563),
	Vector3.new(0, 30.2688904, -7.26101685),
	Vector3.new(0, 30.9909973, -7.13293457),
	Vector3.new(0, 31.8073502, -6.87857056),
	Vector3.new(0, 33.2791824, -6.75491333),
	Vector3.new(0, 32.3079529, -7.23446655),
	Vector3.new(0, 31.4481201, -7.40579224),
	Vector3.new(0, 30.6756287, -7.87039185),
	Vector3.new(0, 31.7784882, -8.06033325),
	Vector3.new(0, 32.4736023, -8.0010376),
	Vector3.new(0, 33.1731033, -7.66601563),
	Vector3.new(0, 33.6072159, -7.34991455),
	Vector3.new(0, 34.418541, -7.08074951),
	Vector3.new(0, 35.1603165, -6.8274231),
	Vector3.new(0, 35.9779892, -6.58230591),
	Vector3.new(0, 36.3495026, -6.42703247),
	Vector3.new(0, 35.6974564, -6.27029419),
	Vector3.new(0, 34.845192, -6.09115601),
	Vector3.new(0, 35.0105743, -5.7170105),
	Vector3.new(0, 35.3414764, -5.6237793),
	Vector3.new(0, 36.0651932, -5.61950684),
	Vector3.new(0, 36.6342545, -5.44073486),
	Vector3.new(0, 37.1805267, -5.00686646),
	Vector3.new(0, 37.842514, -4.42849731),
	Vector3.new(0, 38.3877335, -4.00115967),
	Vector3.new(0, 38.8685379, -3.71408081),
	Vector3.new(0, 37.4011307, -4.35913086),
	Vector3.new(0, 36.6927872, -4.53152466),
	Vector3.new(0, 36.1823883, -4.96420288),
	Vector3.new(0, 35.6665268, -5.14761353),
	Vector3.new(0, 35.0823288, -5.24349976),
	Vector3.new(0, 34.6856689, -5.61126709),
	Vector3.new(0, 34.2821579, -5.88909912),
	Vector3.new(0, 33.7497177, -5.90307617),
	Vector3.new(0, 33.2516937, -6.18234253),
	Vector3.new(0, 32.7998581, -6.26800537),
	Vector3.new(0, 32.657959, -6.18881226),
	Vector3.new(0, 32.6745148, -5.79187012),
	Vector3.new(0, 33.1072464, -5.34375),
	Vector3.new(0, 33.491684, -5.44665527),
	Vector3.new(0, 34.0122299, -5.3760376),
	Vector3.new(0, 34.780098, -4.95498657),
	Vector3.new(0, 35.714241, -4.74136353),
	Vector3.new(0, 36.3373718, -4.37503052),
	Vector3.new(0, 37.2294846, -3.68060303),
	Vector3.new(0, 37.8882065, -3.06274414),
	Vector3.new(0, 38.7169495, -2.31500244),
	Vector3.new(0, 37.9972763, -2.58944702),
	Vector3.new(0, 36.8027039, -3.38247681),
	Vector3.new(0, 36.1275101, -3.74075317),
	Vector3.new(0, 35.3739853, -3.79385376),
	Vector3.new(0, 34.9208298, -3.87438965),
	Vector3.new(0, 34.6458359, -4.44064331),
	Vector3.new(0, 34.2620392, -4.74658203),
	Vector3.new(0, 33.8260422, -5.20483398),
	Vector3.new(0, 33.4619141, -5.25958252),
	Vector3.new(0, 32.7612991, -5.48666382),
	Vector3.new(0, 33.0934296, -5.12866211),
	Vector3.new(0, 33.4924622, -4.72952271),
	Vector3.new(0, 33.9170609, -4.17807007),
	Vector3.new(0, 33.255928, -4.50863647),
	Vector3.new(0, 32.8217087, -4.8170166),
	Vector3.new(0, 32.8951111, -4.3600769),
	Vector3.new(0, 32.8031235, -3.29293823),
	Vector3.new(0, 32.319458, -3.11254883),
	Vector3.new(0, 32.8266983, -2.61288452),
	Vector3.new(0, 33.269455, -2.07885742),
	Vector3.new(0, 33.4146652, -0.788482666),
	Vector3.new(0, 33.3348846, 0.729034424),
	Vector3.new(0, 33.0135956, 1.90289307),
	Vector3.new(0, 32.3837967, 3.02352905),
	Vector3.new(0, 31.6859131, 3.85452271),
	Vector3.new(0, 30.6470413, 4.77160645),
	Vector3.new(0, 29.6221313, 5.34146118),
	Vector3.new(0, 28.9420929, 5.4855957),
	Vector3.new(0, 28.6790161, 4.02090454),
	Vector3.new(0, 28.1602783, 4.5149231),
	Vector3.new(0, 28.1996078, 4.93997192),
	Vector3.new(0, 28.1501923, 5.56869507),
	Vector3.new(0, 27.6919022, 6.15103149),
	Vector3.new(0, 27.2106705, 6.75622559),
	Vector3.new(0, 26.8031693, 7.16644287),
	Vector3.new(0, 26.3702316, 7.96340942),
	Vector3.new(0, 26.1751404, 8.66619873),
	Vector3.new(0, 26.0494308, 9.54284668),
	Vector3.new(0, 25.9658051, 8.22567749),
	Vector3.new(0, 26.3075333, 6.84973145),
	Vector3.new(0, 26.3374634, 6.0078125),
	Vector3.new(0, 26.0132751, 5.41073608),
	Vector3.new(0, 25.6434555, 4.98480225),
	Vector3.new(0, 24.9699631, 5.08483887),
	Vector3.new(0, 24.5539017, 5.20593262),
	Vector3.new(0, 24.8894958, 5.86593628),
	Vector3.new(0, 24.8582382, 6.45202637),
	Vector3.new(0, 24.4781418, 7.14041138),
	Vector3.new(0, 23.9185486, 8.33889771),
	Vector3.new(0, 23.7561798, 9.3649292),
	Vector3.new(0, 24.0912323, 10.2776184),
	Vector3.new(0, 24.6835327, 10.9185486),
	Vector3.new(0, 24.9916916, 10.3256836),
	Vector3.new(0, 25.0511856, 9.44137573),
	Vector3.new(0, 25.3600235, 8.71975708),
	Vector3.new(0, 25.5433044, 7.94546509),
	Vector3.new(0, 25.7012863, 7.14697266),
	Vector3.new(0, 25.4075775, 6.35031128),
	Vector3.new(0, 24.9625854, 5.99307251),
	Vector3.new(0, 24.6735001, 5.25772095),
	Vector3.new(0, 25.6194077, 5.04846191),
	Vector3.new(0, 26.2899399, 5.96536255),
	Vector3.new(0, 26.232872, 6.89169312),
	Vector3.new(0, 25.9702225, 8.1831665),
	Vector3.new(0, 26.0362091, 9.48638916),
	Vector3.new(0, 26.4158707, 9.86099243),
	Vector3.new(0, 26.5841446, 8.93063354),
	Vector3.new(0, 27.1230927, 8.0317688),
	Vector3.new(0, 27.9317932, 7.09414673),
	Vector3.new(0, 28.9938431, 6.59594727),
	Vector3.new(0, 30.2053299, 5.91009521),
	Vector3.new(0, 31.198082, 5.23498535),
	Vector3.new(0, 32.2221603, 4.43771362),
	Vector3.new(0, 33.0213776, 3.46951294),
	Vector3.new(0, 33.6191559, 2.265625),
	Vector3.new(0, 33.9996414, 1.11593628),
	Vector3.new(0, 34.1651459, 0.0236206055),
	Vector3.new(0, 34.0945816, -1.18331909),
	Vector3.new(0, 33.629097, -2.52688599),
	Vector3.new(0, 33.461113, -3.78134155),
	Vector3.new(0, 34.0680313, -3.19363403),
	Vector3.new(0, 34.7010345, -3.52200317),
	Vector3.new(0, 35.4530869, -2.88641357),
	Vector3.new(0, 36.4877243, -2.50714111),
	Vector3.new(0, 37.0172653, -1.7434082),
	Vector3.new(0, 37.5303421, -0.604797363),
	Vector3.new(0, 37.8734818, 0.493286133),
	Vector3.new(0, 37.0880432, -0.670959473),
	Vector3.new(0, 36.4507294, -1.32546997),
	Vector3.new(0, 35.708725, -1.63739014),
	Vector3.new(0, 35.2565384, -2.45751953),
	Vector3.new(0, 34.9460983, -2.98245239),
	Vector3.new(0, 34.6842422, -3.38162231),
	Vector3.new(0, 34.0488358, -3.13336182),
	Vector3.new(0, 34.3931961, -2.61355591),
	Vector3.new(0, 34.5185547, -1.82043457),
	Vector3.new(0, 35.3034363, -1.0145874),
	Vector3.new(0, 36.1117554, -0.612915039),
	Vector3.new(0, 36.8284836, 0.393615723),
	Vector3.new(0, 37.2240448, 1.33093262),
	Vector3.new(0, 37.583107, 2.3069458),
	Vector3.new(0, 37.560585, 2.77355957),
	Vector3.new(0, 36.8053589, 1.3883667),
	Vector3.new(0, 36.3519287, 1.07623291),
	Vector3.new(0, 35.7624283, 1.08761597),
	Vector3.new(0, 35.4553452, 0.996337891),
	Vector3.new(0, 35.2549057, -0.533966064),
	Vector3.new(0, 35.0892944, -1.05682373),
	Vector3.new(0, 34.4804382, -1.67684937),
	Vector3.new(0, 34.5952377, -0.538116455),
	Vector3.new(0, 34.5821686, 0.556182861),
	Vector3.new(0, 34.5349655, 1.19464111),
	Vector3.new(0, 34.9528046, 1.52496338),
	Vector3.new(0, 35.1895218, 1.4866333),
	Vector3.new(0, 35.5181808, 2.23269653),
	Vector3.new(0, 36.0990372, 1.91885376),
	Vector3.new(0, 36.2780609, 3.13638306),
	Vector3.new(0, 36.4103165, 4.24026489),
	Vector3.new(0, 36.6587448, 4.27255249),
	Vector3.new(0, 36.7616577, 5.67327881),
	Vector3.new(0, 36.2636108, 4.50622559),
	Vector3.new(0, 35.889122, 4.04003906),
	Vector3.new(0, 35.3786087, 4.02090454),
	Vector3.new(0, 35.0568008, 4.3223877),
	Vector3.new(0, 35.0155182, 2.92068481),
	Vector3.new(0, 34.844223, 1.50119019),
	Vector3.new(0, 34.4926758, 1.215271),
	Vector3.new(0, 34.1149826, 2.43588257),
	Vector3.new(0, 33.8923035, 3.06185913),
	Vector3.new(0, 34.2554855, 3.82333374),
	Vector3.new(0, 34.4872665, 3.52142334),
	Vector3.new(0, 34.4093628, 4.76766968),
	Vector3.new(0, 35.0512619, 4.88565063),
	Vector3.new(0, 34.9291534, 6.04272461),
	Vector3.new(0, 35.005661, 7.16162109),
	Vector3.new(0, 34.7168884, 8.11105347),
	Vector3.new(0, 34.508255, 6.96453857),
	Vector3.new(0, 34.430336, 6.51196289),
	Vector3.new(0, 33.727005, 6.69338989),
	Vector3.new(0, 33.2479019, 6.9251709),
	Vector3.new(0, 33.5399704, 6.08648682),
	Vector3.new(0, 33.8110275, 5.40786743),
	Vector3.new(0, 33.8624954, 4.72970581),
	Vector3.new(0, 34.1908493, 3.84463501),
	Vector3.new(0, 33.8288803, 3.11270142),
	Vector3.new(0, 33.3708954, 3.90057373),
	Vector3.new(0, 32.8464355, 4.71313477),
	Vector3.new(0, 32.3823853, 5.37802124),
	Vector3.new(0, 32.4567032, 6.32351685),
	Vector3.new(0, 32.5561371, 7.48556519),
	Vector3.new(0, 33.2378464, 7.66778564),
	Vector3.new(0, 32.5518951, 9.07614136),
	Vector3.new(0, 31.8360138, 10.4049683),
	Vector3.new(0, 31.2226486, 11.0470276),
	Vector3.new(0, 31.65802, 10.0005798),
	Vector3.new(0, 31.2201385, 9.60931396),
	Vector3.new(0, 30.6785889, 9.6050415),
	Vector3.new(0, 30.2060318, 9.44458008),
	Vector3.new(0, 31.0028, 8.55157471),
	Vector3.new(0, 31.7112122, 7.59002686),
	Vector3.new(0, 32.3304138, 6.65206909),
	Vector3.new(0, 32.2550735, 5.50613403),
	Vector3.new(0, 31.4694977, 6.25265503),
	Vector3.new(0, 30.5779419, 6.99584961),
	Vector3.new(0, 29.4924622, 7.82012939),
	Vector3.new(0, 29.6986771, 8.57983398),
	Vector3.new(0, 29.4999695, 9.04858398),
	Vector3.new(0, 29.1857834, 9.63964844),
	Vector3.new(0, 29.2480392, 9.93457031),
	Vector3.new(0, 29.7962112, 9.9392395),
	Vector3.new(0, 30.4187775, 10.0041809),
	Vector3.new(0, 29.861702, 10.869873),
	Vector3.new(0, 29.412468, 11.5131531),
	Vector3.new(0, 29.0149002, 12.2219543),
	Vector3.new(0, 28.4150391, 12.9863281),
	Vector3.new(0, 28.3372803, 12.3482971),
	Vector3.new(0, 28.5519104, 11.5174255),
	Vector3.new(0, 28.1748276, 11.321106),
	Vector3.new(0, 27.5222778, 11.2808228),
	Vector3.new(0, 26.9588318, 11.3315125),
	Vector3.new(0, 27.1969986, 10.8119812),
	Vector3.new(0, 27.8111496, 10.3969116),
	Vector3.new(0, 28.5482025, 9.84634399),
	Vector3.new(0, 28.9972839, 9.22814941),
	Vector3.new(0, 29.5631409, 8.58987427),
	Vector3.new(0, 29.367012, 7.84625244),
	Vector3.new(0, 28.4247971, 8.43280029),
	Vector3.new(0, 27.7009659, 8.81607056),
	Vector3.new(0, 27.0099716, 9.38897705),
	Vector3.new(0, 26.4362717, 9.99053955)
}
