--globe hockey

return {
	Vector3.new(0, 0, 0),
	Vector3.new(0, 0.0658111572, 1.16493225),
	Vector3.new(0, 0.563934326, 2.21652222),
	Vector3.new(0, 1.33914185, 2.77531433),
	Vector3.new(0, 0.786239624, 3.15119934),
	Vector3.new(0, 0.323547363, 3.52877808),
	Vector3.new(0, -0.0146331787, 4.54008484),
	Vector3.new(0, 0.0522766113, 5.71841431),
	Vector3.new(0, 0.49609375, 6.61408997),
	Vector3.new(0, 0.926589966, 6.936203),
	Vector3.new(0, 1.89268494, 7.1958313),
	Vector3.new(0, 2.58404541, 7.17855835),
	Vector3.new(0, 2.58184814, 8.42375183),
	Vector3.new(0, 1.7507019, 8.60446167),
	Vector3.new(0, 0.742538452, 9.01025391),
	Vector3.new(0, 0.291122437, 9.42022705),
	Vector3.new(0, -0.177047729, 10.2329712),
	Vector3.new(0, -0.187042236, 11.0395966),
	Vector3.new(0, -0.0803070068, 12.0112152),
	Vector3.new(0, 0.302703857, 12.5200806),
	Vector3.new(0, 0.896942139, 12.7561188),
	Vector3.new(0, 1.74832153, 12.6182861),
	Vector3.new(0, 1.28875732, 11.7802277),
	Vector3.new(0, 1.3167572, 11.1284637),
	Vector3.new(0, 2.07545471, 10.5624695),
	Vector3.new(0, 3.1640625, 10.3328705),
	Vector3.new(0, 4.26989746, 10.2897491),
	Vector3.new(0, 5.45365906, 10.744812),
	Vector3.new(0, 6.04525757, 11.4794006),
	Vector3.new(0, 6.26095581, 12.2945709),
	Vector3.new(0, 6.17675781, 13.2944794),
	Vector3.new(0, 0.152908325, 13.310318),
	Vector3.new(0, 0.154922485, 15.3880157),
	Vector3.new(0, 10.0772858, 15.4350739),
	Vector3.new(0, 10.4006958, 13.3257141),
	Vector3.new(0, 6.93807983, 13.3379517),
	Vector3.new(0, 7.01660156, 12.4460907),
	Vector3.new(0, 7.57106018, 11.7820892),
	Vector3.new(0, 8.57615662, 11.3278503),
	Vector3.new(0, 9.67874146, 11.2423096),
	Vector3.new(0, 10.5738678, 11.6649017),
	Vector3.new(0, 11.2342529, 12.6003723),
	Vector3.new(0, 11.2872314, 14.3347473),
	Vector3.new(0, 10.8056946, 15.6065369),
	Vector3.new(0, 10.3526917, 16.239975),
	Vector3.new(0, 9.65742493, 16.8206024),
	Vector3.new(0, 8.49783325, 17.1902924),
	Vector3.new(0, 7.07785034, 17.0787964),
	Vector3.new(0, 6.36346436, 16.6331177),
	Vector3.new(0, 6.42485046, 17.3444214),
	Vector3.new(0, 6.8019104, 18.0462952),
	Vector3.new(0, 7.46022034, 18.4930267),
	Vector3.new(0, 8.77651978, 18.5023499),
	Vector3.new(0, 9.84550476, 18.0266418),
	Vector3.new(0, 10.6304169, 17.3097687),
	Vector3.new(0, 11.2254944, 16.4037476),
	Vector3.new(0, 11.7452545, 15.1429291),
	Vector3.new(0, 11.9855499, 13.7814331),
	Vector3.new(0, 11.9194183, 12.4381256),
	Vector3.new(0, 11.5948486, 11.5343781),
	Vector3.new(0, 11.160141, 10.7696686),
	Vector3.new(0, 10.5995026, 10.2007904),
	Vector3.new(0, 9.69178772, 9.7477417),
	Vector3.new(0, 8.60784912, 9.77186584),
	Vector3.new(0, 7.69882202, 10.0814819),
	Vector3.new(0, 6.96003723, 10.8515015),
	Vector3.new(0, 6.52757263, 9.81819153),
	Vector3.new(0, 6.26094055, 9.34629822),
	Vector3.new(0, 5.30769348, 8.57928467),
	Vector3.new(0, 3.85194397, 8.27861023),
	Vector3.new(0, 2.63519287, 8.40620422),
	Vector3.new(0, 2.65490723, 7.21803284),
	Vector3.new(0, 10.8624573, 7.17555237),
	Vector3.new(0, 11.112793, 5.01832581),
	Vector3.new(0, 2.17471313, 5.00886536),
	Vector3.new(0, 1.7116394, 4.93305969),
	Vector3.new(0, 1.46841431, 4.55836487),
	Vector3.new(0, 1.44781494, 3.87304688),
	Vector3.new(0, 1.74258423, 3.36598206),
	Vector3.new(0, 2.27636719, 3.10380554),
	Vector3.new(0, 2.82081604, 3.18830872),
	Vector3.new(0, 3.99609375, 3.19674683),
	Vector3.new(0, 5.32061768, 2.99388123),
	Vector3.new(0, 6.69413757, 2.40533447),
	Vector3.new(0, 7.49183655, 1.65106201),
	Vector3.new(0, 7.8523407, 0.735671997),
	Vector3.new(0, 7.99882507, -0.452514648),
	Vector3.new(0, 7.06295776, -0.418334961),
	Vector3.new(0, 6.84062195, 0.205490112),
	Vector3.new(0, 6.23979187, 0.614685059),
	Vector3.new(0, 4.92849731, 0.877883911),
	Vector3.new(0, 3.15760803, 0.991943359),
	Vector3.new(0, 2.04747009, 0.764526367),
	Vector3.new(0, 1.50157166, 0.275100708),
	Vector3.new(0, 1.32693481, -0.134506226),
	Vector3.new(0, 1.56063843, -0.758331299),
	Vector3.new(0, 1.92459106, -1.10040283),
	Vector3.new(0, 2.89425659, -1.45385742),
	Vector3.new(0, 4.17575073, -1.54983521),
	Vector3.new(0, 4.78460693, -1.50596619),
	Vector3.new(0, 4.90626526, -1.16384888),
	Vector3.new(0, 5.16168213, -0.929412842),
	Vector3.new(0, 5.65660095, -0.847061157),
	Vector3.new(0, 6.01559448, -0.985961914),
	Vector3.new(0, 6.29992676, -1.27130127),
	Vector3.new(0, 6.96464539, -0.89906311),
	Vector3.new(0, 7.12097168, -0.447067261),
	Vector3.new(0, 7.12097168, -0.447067261),
	Vector3.new(0, 7.98719788, -0.497619629),
	Vector3.new(0, 7.79269409, -1.31932068),
	Vector3.new(0, 7.29881287, -1.97589111),
	Vector3.new(0, 6.64015198, -2.39256287),
	Vector3.new(0, 5.79931641, -2.63352966),
	Vector3.new(0, 5.47917175, -2.70568848),
	Vector3.new(0, 5.53218079, -3.33998108),
	Vector3.new(0, 5.88496399, -4.18136597),
	Vector3.new(0, 6.62574768, -4.61775208),
	Vector3.new(0, 7.27742004, -5.2038269),
	Vector3.new(0, 7.76119995, -5.98045349),
	Vector3.new(0, 7.9549408, -7.20974731),
	Vector3.new(0, 7.9546051, -7.56912231),
	Vector3.new(0, 7.17202759, -7.5294342),
	Vector3.new(0, 7.00028992, -6.9355011),
	Vector3.new(0, 6.27250671, -6.41490173),
	Vector3.new(0, 5.64080811, -6.2023468),
	Vector3.new(0, 4.57058716, -6.04206848),
	Vector3.new(0, 3.40313721, -5.98802185),
	Vector3.new(0, 2.68400574, -6.04371643),
	Vector3.new(0, 1.80584717, -6.30255127),
	Vector3.new(0, 1.49841309, -6.64839172),
	Vector3.new(0, 1.35308838, -7.16738892),
	Vector3.new(0, 1.49064636, -7.70257568),
	Vector3.new(0, 2.10487366, -8.21289063),
	Vector3.new(0, 2.95225525, -8.43768311),
	Vector3.new(0, 4.08666992, -8.5620575),
	Vector3.new(0, 4.8009491, -8.52243042),
	Vector3.new(0, 4.9445343, -8.13072205),
	Vector3.new(0, 5.21327209, -7.90211487),
	Vector3.new(0, 5.62802124, -7.92237854),
	Vector3.new(0, 6.08563232, -7.98449707),
	Vector3.new(0, 6.31195068, -8.25538635),
	Vector3.new(0, 6.90211487, -8.02563477),
	Vector3.new(0, 7.14247131, -7.60423279),
	Vector3.new(0, 7.95013428, -7.60189819),
	Vector3.new(0, 7.8274231, -8.19309998),
	Vector3.new(0, 7.49531555, -8.79727173),
	Vector3.new(0, 6.83688354, -9.30891418),
	Vector3.new(0, 6.19195557, -9.56950378),
	Vector3.new(0, 5.55502319, -9.72647095),
	Vector3.new(0, 5.5315094, -10.2675629),
	Vector3.new(0, 5.86877441, -11.2214355),
	Vector3.new(0, 6.43258667, -11.4511108),
	Vector3.new(0, 7.01448059, -11.835144),
	Vector3.new(0, 7.51063538, -12.3592224),
	Vector3.new(0, 7.83735657, -13.0388336),
	Vector3.new(0, 8.04042053, -13.6911926),
	Vector3.new(0, 7.95817566, -14.4105225),
	Vector3.new(0, 7.78608704, -14.8313141),
	Vector3.new(0, 7.36035156, -15.1865387),
	Vector3.new(0, 6.65115356, -15.25),
	Vector3.new(0, 7.09100342, -14.8779907),
	Vector3.new(0, 7.08482361, -14.2451019),
	Vector3.new(0, 6.61865234, -13.6781616),
	Vector3.new(0, 5.92878723, -13.3411102),
	Vector3.new(0, 4.59120178, -13.0591125),
	Vector3.new(0, 3.6751709, -12.9954376),
	Vector3.new(0, 2.55990601, -13.1047668),
	Vector3.new(0, 1.91833496, -13.3304443),
	Vector3.new(0, 1.42164612, -13.7250824),
	Vector3.new(0, 1.34860229, -14.3063965),
	Vector3.new(0, 1.59214783, -14.885498),
	Vector3.new(0, 2.18132019, -15.2824707),
	Vector3.new(0, 2.59457397, -15.3819733),
	Vector3.new(0, 10.829071, -15.380661),
	Vector3.new(0, 11.1195679, -17.5757446),
	Vector3.new(0, 2.11669922, -17.5432281),
	Vector3.new(0, 1.63374329, -17.7380524),
	Vector3.new(0, 1.46638489, -18.096756),
	Vector3.new(0, 1.39753723, -18.6605682),
	Vector3.new(0, 1.71916199, -19.1988373),
	Vector3.new(0, 2.28173828, -19.5417023),
	Vector3.new(0, 2.80203247, -19.6136017),
	Vector3.new(0, 2.79702759, -20.1829834),
	Vector3.new(0, 1.97720337, -20.0470886),
	Vector3.new(0, 1.13726807, -19.7117157),
	Vector3.new(0, 0.655929565, -19.2940826),
	Vector3.new(0, 0.209320068, -18.6770477),
	Vector3.new(0, 0.0381011963, -18.1326141),
	Vector3.new(0, -0.0269775391, -17.3052673),
	Vector3.new(0, 0.116989136, -16.5938873),
	Vector3.new(0, 0.418869019, -16.1659851),
	Vector3.new(0, 0.886550903, -15.813858),
	Vector3.new(0, 1.36270142, -15.6804657),
	Vector3.new(0, 0.762237549, -15.2498779),
	Vector3.new(0, 0.289474487, -14.698288),
	Vector3.new(0, 0.0456542969, -14.2581635),
	Vector3.new(0, -0.0157165527, -13.3993988),
	Vector3.new(0, 0.0878143311, -12.7189941),
	Vector3.new(0, 0.488052368, -12.1057587),
	Vector3.new(0, 1.01568604, -11.4760742),
	Vector3.new(0, 2.00160217, -11.0880585),
	Vector3.new(0, 2.92245483, -10.8766327),
	Vector3.new(0, 3.83509827, -10.8679504),
	Vector3.new(0, 4.69961548, -10.920105),
	Vector3.new(0, 5.20802307, -10.9892426),
	Vector3.new(0, 4.74653625, -9.77738953),
	Vector3.new(0, 3.9181366, -9.74021912),
	Vector3.new(0, 2.73977661, -9.72122192),
	Vector3.new(0, 2.128479, -9.49526978),
	Vector3.new(0, 1.43855286, -9.22897339),
	Vector3.new(0, 0.908569336, -8.86402893),
	Vector3.new(0, 0.478042603, -8.41525269),
	Vector3.new(0, 0.171707153, -7.89807129),
	Vector3.new(0, -0.0359954834, -7.08103943),
	Vector3.new(0, 0.0350189209, -6.38002014),
	Vector3.new(0, 0.103713989, -5.70172119),
	Vector3.new(0, 0.45375061, -5.08996582),
	Vector3.new(0, 0.894683838, -4.57290649),
	Vector3.new(0, 1.5559082, -4.16616821),
	Vector3.new(0, 2.36625671, -3.92419434),
	Vector3.new(0, 3.4210968, -3.81867981),
	Vector3.new(0, 4.14872742, -3.82266235),
	Vector3.new(0, 5.14768982, -4.01557922),
	Vector3.new(0, 4.66674805, -2.72183228),
	Vector3.new(0, 3.97242737, -2.724823),
	Vector3.new(0, 3.13949585, -2.64524841),
	Vector3.new(0, 2.41069031, -2.57727051),
	Vector3.new(0, 1.65768433, -2.37872314),
	Vector3.new(0, 1.17349243, -2.06004333),
	Vector3.new(0, 0.59312439, -1.6053772),
	Vector3.new(0, 0.310424805, -1.12179565),
	Vector3.new(0, 0.0829772949, -0.575241089),
	Vector3.new(0, -0.00799560547, -0.0678100586),
	Vector3.new(-0.349723816, -11.2919617, -0.330352783),
	Vector3.new(-5.16222, -11.9569016, -0.911697388),
	Vector3.new(-4.66691208, -11.9722748, -2.5304718),
	Vector3.new(-3.64852905, -11.9570007, -3.88270569),
	Vector3.new(-2.22960281, -11.9125443, -4.80484009),
	Vector3.new(-0.581871033, -11.8450851, -5.18678284),
	Vector3.new(1.09659576, -11.7621765, -4.98190308),
	Vector3.new(2.60401535, -11.6725616, -4.21539307),
	Vector3.new(3.75697708, -11.5893936, -2.9778595),
	Vector3.new(4.41711044, -11.5215454, -1.41976929),
	Vector3.new(4.50453568, -11.4773636, 0.270950317),
	Vector3.new(4.00894547, -11.4620132, 1.89012146),
	Vector3.new(2.99007797, -11.4774551, 3.24266052),
	Vector3.new(1.57120514, -11.5217209, 4.1661377),
	Vector3.new(-0.0775413513, -11.590065, 4.54730225),
	Vector3.new(-1.75629425, -11.673645, 4.34155273),
	Vector3.new(-3.26200104, -11.7612686, 3.57286072),
	Vector3.new(-4.4146843, -11.8445892, 2.33573914),
	Vector3.new(-5.07452011, -11.9125366, 0.778244019),
	Vector3.new(-5.16222, -11.9569016, -0.911697388),
	Vector3.new(-9.78963089, -13.4542923, -1.45495605),
	Vector3.new(-9.44098663, -13.4768295, -3.09176636),
	Vector3.new(-8.81400299, -13.4845581, -4.64353943),
	Vector3.new(-7.92729568, -13.477005, -6.06300354),
	Vector3.new(-6.80791855, -13.4543839, -7.30705261),
	Vector3.new(-5.48991013, -13.4173737, -8.33789063),
	Vector3.new(-4.01320648, -13.3669434, -9.1239624),
	Vector3.new(-2.42298889, -13.3052368, -9.64199829),
	Vector3.new(-0.767307281, -13.2336273, -9.87585449),
	Vector3.new(0.903495789, -13.1544113, -9.8184967),
	Vector3.new(2.53873825, -13.0699844, -9.47181702),
	Vector3.new(4.08853531, -12.9827499, -8.84587097),
	Vector3.new(5.50697327, -12.8944778, -7.96110535),
	Vector3.new(6.74903107, -12.8100281, -6.84205627),
	Vector3.new(7.77783966, -12.7305984, -5.52389526),
	Vector3.new(8.56212616, -12.6588745, -4.04669189),
	Vector3.new(9.07781219, -12.5969009, -2.45530701),
	Vector3.new(9.30947876, -12.5466614, -0.798126221),
	Vector3.new(9.25013733, -12.5098114, 0.874404907),
	Vector3.new(8.90176392, -12.4870377, 2.51153564),
	Vector3.new(8.27410889, -12.479538, 4.06335449),
	Vector3.new(7.38712311, -12.4872589, 5.48306274),
	Vector3.new(6.26760864, -12.5098724, 6.72721863),
	Vector3.new(4.9495163, -12.5469131, 7.75837708),
	Vector3.new(3.47292709, -12.5971756, 8.54541016),
	Vector3.new(1.8820343, -12.6591797, 9.06300354),
	Vector3.new(0.226016998, -12.7313156, 9.29655457),
	Vector3.new(-1.44511795, -12.8108749, 9.23950195),
	Vector3.new(-3.08034134, -12.8956223, 8.89176941),
	Vector3.new(-4.63021088, -12.9827499, 8.26559448),
	Vector3.new(-6.04682922, -13.0691833, 7.37876892),
	Vector3.new(-7.28869247, -13.1538773, 6.2598877),
	Vector3.new(-8.31728363, -13.233223, 4.94189453),
	Vector3.new(-9.10128403, -13.3049011, 3.46495056),
	Vector3.new(-9.61708069, -13.366951, 1.87397766),
	Vector3.new(-9.84882355, -13.4171448, 0.21723938),
	Vector3.new(-9.78963089, -13.4542923, -1.45495605),
	Vector3.new(-14.090416, -15.7378464, -1.94378662),
	Vector3.new(-13.5808487, -15.7708664, -4.3367157),
	Vector3.new(-12.6640663, -15.7821045, -6.60527039),
	Vector3.new(-11.3677483, -15.7710266, -8.68041992),
	Vector3.new(-9.73129654, -15.7379227, -10.4991455),
	Vector3.new(-7.80445099, -15.6838303, -12.0061798),
	Vector3.new(-5.64570236, -15.6101837, -13.1556091),
	Vector3.new(-3.32081604, -15.5198441, -13.9128418),
	Vector3.new(-0.900276184, -15.4150772, -14.2546692),
	Vector3.new(1.54233932, -15.2991943, -14.1707764),
	Vector3.new(3.93289185, -15.1756592, -13.6637268),
	Vector3.new(6.19857788, -15.0481415, -12.7486267),
	Vector3.new(8.27178955, -14.9195862, -11.4547119),
	Vector3.new(10.087532, -14.7961121, -9.81881714),
	Vector3.new(11.5915451, -14.6800156, -7.8918457),
	Vector3.new(12.7379303, -14.5751266, -5.73236084),
	Vector3.new(13.49189, -14.4844894, -3.40602112),
	Vector3.new(13.8305588, -14.4110718, -0.98348999),
	Vector3.new(13.743866, -14.357132, 1.46151733),
	Vector3.new(13.2345047, -14.3238373, 3.85476685),
	Vector3.new(12.3170319, -14.3128357, 6.12335205),
	Vector3.new(11.0204468, -14.3240814, 8.1987915),
	Vector3.new(9.38386536, -14.3571396, 10.0175934),
	Vector3.new(7.45696259, -14.4113464, 11.5249786),
	Vector3.new(5.2983017, -14.484848, 12.6752777),
	Vector3.new(2.97270966, -14.575386, 13.4320526),
	Vector3.new(0.551868439, -14.6807327, 13.7736053),
	Vector3.new(-1.89108658, -14.7969818, 13.6900787),
	Vector3.new(-4.28163528, -14.9207611, 13.1820374),
	Vector3.new(-6.54740524, -15.0481491, 12.2667084),
	Vector3.new(-8.61874771, -15.1749802, 10.9706573),
	Vector3.new(-10.4342499, -15.2987289, 9.3348999),
	Vector3.new(-11.9379768, -15.4147339, 7.40811157),
	Vector3.new(-13.0842171, -15.5195847, 5.24893188),
	Vector3.new(-13.8382301, -15.6102066, 2.92297363),
	Vector3.new(-14.177021, -15.6836243, 0.50088501),
	Vector3.new(-14.090416, -15.7378464, -1.94378662),
	Vector3.new(-17.9338837, -18.7381897, -2.36332703),
	Vector3.new(-17.2788734, -18.7807083, -5.43969727),
	Vector3.new(-16.100193, -18.795105, -8.3560791),
	Vector3.new(-14.4336395, -18.7808304, -11.0238647),
	Vector3.new(-12.3298264, -18.7382584, -13.3619995),
	Vector3.new(-9.85268402, -18.6687164, -15.2994232),
	Vector3.new(-7.07746887, -18.5741425, -16.7772522),
	Vector3.new(-4.08857727, -18.4578857, -17.7507019),
	Vector3.new(-0.976734161, -18.3231201, -18.1901245),
	Vector3.new(2.16347122, -18.1740952, -18.0822296),
	Vector3.new(5.23670959, -18.015213, -17.4302368),
	Vector3.new(8.14943695, -17.8512878, -16.25383),
	Vector3.new(10.8144531, -17.6863327, -14.5900879),
	Vector3.new(13.1487122, -17.5276184, -12.48703),
	Vector3.new(15.082222, -17.3783798, -10.0098114),
	Vector3.new(16.5558777, -17.2434998, -7.23364258),
	Vector3.new(17.5252151, -17.1269608, -4.24302673),
	Vector3.new(17.9606094, -17.0325699, -1.12875366),
	Vector3.new(17.8491898, -16.9631882, 2.01445007),
	Vector3.new(17.1942978, -16.9204025, 5.09111023),
	Vector3.new(16.0148849, -16.9061813, 8.00753784),
	Vector3.new(14.3480911, -16.9206543, 10.6756439),
	Vector3.new(12.2441864, -16.9631424, 13.013855),
	Vector3.new(9.76699829, -17.0328598, 14.9516144),
	Vector3.new(6.99185944, -17.127388, 16.4302826),
	Vector3.new(4.00222397, -17.243721, 17.4032593),
	Vector3.new(0.890110016, -17.3791046, 17.8424225),
	Vector3.new(-2.25044632, -17.5285263, 17.7349243),
	Vector3.new(-5.32367706, -17.6875381, 17.0820007),
	Vector3.new(-8.23649597, -17.8513794, 15.9052582),
	Vector3.new(-10.8996086, -18.0146561, 14.2394104),
	Vector3.new(-13.2335739, -18.1736832, 12.1364746),
	Vector3.new(-15.1667557, -18.3228226, 9.65945435),
	Vector3.new(-16.6403999, -18.4576721, 6.88362122),
	Vector3.new(-17.6097145, -18.5741196, 3.89335632),
	Vector3.new(-18.0452652, -18.6685257, 0.779525757),
	Vector3.new(-17.9338837, -18.7381897, -2.36332703),
	Vector3.new(-21.20327, -22.3641357, -2.70083618),
	Vector3.new(-20.4226646, -22.4148712, -6.36712646),
	Vector3.new(-19.0179405, -22.4319916, -9.84275818),
	Vector3.new(-17.0317955, -22.4149628, -13.0221252),
	Vector3.new(-14.5245667, -22.3642273, -15.8086243),
	Vector3.new(-11.5723915, -22.2813263, -18.1175842),
	Vector3.new(-8.26501465, -22.1686859, -19.8788605),
	Vector3.new(-4.70294189, -22.0300674, -21.0389557),
	Vector3.new(-0.994361877, -21.8694458, -21.5626526),
	Vector3.new(2.74803162, -21.6917801, -21.434021),
	Vector3.new(6.41055298, -21.5024109, -20.6568909),
	Vector3.new(9.88181305, -21.3069916, -19.2548981),
	Vector3.new(13.057724, -21.1106644, -17.2719574),
	Vector3.new(15.8395538, -20.921524, -14.7655945),
	Vector3.new(18.1438293, -20.7436905, -11.8134003),
	Vector3.new(19.8999786, -20.5829086, -8.50494385),
	Vector3.new(21.0552444, -20.4439926, -4.94090271),
	Vector3.new(21.5741425, -20.331543, -1.22949219),
	Vector3.new(21.4413376, -20.2488022, 2.5164032),
	Vector3.new(20.6608582, -20.1978226, 6.18299866),
	Vector3.new(19.2553329, -20.1808243, 9.65866089),
	Vector3.new(17.2689438, -20.198082, 12.8383331),
	Vector3.new(14.7616348, -20.2487411, 15.624939),
	Vector3.new(11.8094254, -20.3318024, 17.9341736),
	Vector3.new(8.50213623, -20.444519, 19.6963348),
	Vector3.new(4.93930054, -20.5830841, 20.855896),
	Vector3.new(1.23046112, -20.7443924, 21.379303),
	Vector3.new(-2.5122757, -20.9224854, 21.2511902),
	Vector3.new(-6.17479706, -21.111908, 20.4731445),
	Vector3.new(-9.64614868, -21.3071747, 19.070755),
	Vector3.new(-12.8201218, -21.5018997, 17.0857239),
	Vector3.new(-15.6016617, -21.6913986, 14.5795135),
	Vector3.new(-17.9055481, -21.8691864, 11.6274719),
	Vector3.new(-19.6617661, -22.029892, 8.31933594),
	Vector3.new(-20.8169594, -22.168663, 4.75566101),
	Vector3.new(-21.3360329, -22.2811737, 1.04470825),
	Vector3.new(-21.20327, -22.3641357, -2.70083618),
	Vector3.new(-23.7992287, -26.5055542, -2.94606018),
	Vector3.new(-22.9167442, -26.5629425, -7.09086609),
	Vector3.new(-21.3286629, -26.582283, -11.0201416),
	Vector3.new(-19.0832748, -26.5630112, -14.6144714),
	Vector3.new(-16.2487984, -26.5056305, -17.7646637),
	Vector3.new(-12.9112968, -26.4118881, -20.375),
	Vector3.new(-9.17226028, -26.2845993, -22.3661957),
	Vector3.new(-5.1452446, -26.1278381, -23.6777039),
	Vector3.new(-0.95262146, -25.9462509, -24.2697449),
	Vector3.new(3.27823257, -25.7454071, -24.1242676),
	Vector3.new(7.41874695, -25.5312119, -23.2456665),
	Vector3.new(11.343071, -25.3102646, -21.6606903),
	Vector3.new(14.9334183, -25.0885544, -19.4188385),
	Vector3.new(18.0782852, -24.8747025, -16.5852966),
	Vector3.new(20.6833344, -24.6737137, -13.2478333),
	Vector3.new(22.6686249, -24.49189, -9.50759888),
	Vector3.new(23.9747162, -24.3348389, -5.47842407),
	Vector3.new(24.5613861, -24.2078018, -1.28265381),
	Vector3.new(24.4111633, -24.1141357, 2.95211792),
	Vector3.new(23.5288467, -24.0565262, 7.09724426),
	Vector3.new(21.9398804, -24.0372696, 11.026535),
	Vector3.new(19.6942596, -24.0567703, 14.6211853),
	Vector3.new(16.8597336, -24.1140594, 17.7714996),
	Vector3.new(13.5221786, -24.2079315, 20.382019),
	Vector3.new(9.78325653, -24.3354416, 22.3741608),
	Vector3.new(5.75545502, -24.492012, 23.6851044),
	Vector3.new(1.56258011, -24.6743698, 24.276825),
	Vector3.new(-2.66861343, -24.8757477, 24.1319427),
	Vector3.new(-6.8091507, -25.0897903, 23.2524414),
	Vector3.new(-10.7335854, -25.3105545, 21.6670227),
	Vector3.new(-14.3219299, -25.5307846, 19.4230957),
	Vector3.new(-17.4665031, -25.7450104, 16.5897675),
	Vector3.new(-20.0710869, -25.9460297, 13.2524109),
	Vector3.new(-22.0565338, -26.1277237, 9.51249695),
	Vector3.new(-23.3624878, -26.284584, 5.48368835),
	Vector3.new(-23.949337, -26.4117813, 1.28834534),
	Vector3.new(-23.7992287, -26.5055542, -2.94606018),
	Vector3.new(-25.6428757, -31.0365982, -3.09153748),
	Vector3.new(-24.6853256, -31.0988693, -7.58891296),
	Vector3.new(-22.9621429, -31.1198654, -11.8524475),
	Vector3.new(-20.525753, -31.0989075, -15.752533),
	Vector3.new(-17.4501457, -31.036644, -19.1707001),
	Vector3.new(-13.8287506, -30.9349365, -22.0030975),
	Vector3.new(-9.77163696, -30.7968369, -24.163681),
	Vector3.new(-5.40205765, -30.6267166, -25.5867615),
	Vector3.new(-0.852775574, -30.4297104, -26.2291412),
	Vector3.new(3.73797989, -30.2116623, -26.0712433),
	Vector3.new(8.23069763, -29.9792175, -25.1179047),
	Vector3.new(12.4888382, -29.7394791, -23.3981018),
	Vector3.new(16.3845596, -29.4991226, -20.9655151),
	Vector3.new(19.7969055, -29.267067, -17.8908539),
	Vector3.new(22.6235886, -29.0490875, -14.2695618),
	Vector3.new(24.7776718, -28.8516846, -10.2111664),
	Vector3.new(26.1949158, -28.6812592, -5.83927917),
	Vector3.new(26.8314819, -28.5435028, -1.28662109),
	Vector3.new(26.668457, -28.4417572, 3.30836487),
	Vector3.new(25.7110748, -28.3792725, 7.80607605),
	Vector3.new(23.9869843, -28.3583221, 12.0695953),
	Vector3.new(21.550354, -28.3794708, 15.9700165),
	Vector3.new(18.4747162, -28.4416733, 19.3883209),
	Vector3.new(14.8532791, -28.543457, 22.2208557),
	Vector3.new(10.7962646, -28.6819382, 24.3824158),
	Vector3.new(6.42588806, -28.8517456, 25.8049164),
	Vector3.new(1.87637329, -29.0495987, 26.4469147),
	Vector3.new(-2.71471024, -29.2681656, 26.2896881),
	Vector3.new(-7.20749283, -29.5002899, 25.3355255),
	Vector3.new(-11.4657211, -29.7398682, 23.6151733),
	Vector3.new(-15.3593826, -29.9789124, 21.1805115),
	Vector3.new(-18.7714615, -30.2113724, 18.1061401),
	Vector3.new(-21.597599, -30.4294968, 14.4848938),
	Vector3.new(-23.7519226, -30.6266479, 10.4268341),
	Vector3.new(-25.1689949, -30.7968369, 6.05529785),
	Vector3.new(-25.8057594, -30.9348679, 1.50308228),
	Vector3.new(-25.6428757, -31.0365982, -3.09153748),
	Vector3.new(-26.678196, -35.8195801, -3.13284302),
	Vector3.new(-25.6746674, -35.8848572, -7.84616089),
	Vector3.new(-23.8687668, -35.9068527, -12.3143768),
	Vector3.new(-21.3153801, -35.8848801, -16.4017334),
	Vector3.new(-18.0921021, -35.819603, -19.9840088),
	Vector3.new(-14.2968369, -35.7130127, -22.9523926),
	Vector3.new(-10.0449333, -35.5682907, -25.2167053),
	Vector3.new(-5.4655571, -35.3900375, -26.7081146),
	Vector3.new(-0.697864532, -35.1834717, -27.3813171),
	Vector3.new(4.11329269, -34.9549179, -27.2158356),
	Vector3.new(8.82170868, -34.7112885, -26.2167206),
	Vector3.new(13.2843094, -34.4600372, -24.4143372),
	Vector3.new(17.3670349, -34.2083435, -21.8649597),
	Vector3.new(20.943222, -33.965126, -18.6426239),
	Vector3.new(23.9056091, -33.736824, -14.8475037),
	Vector3.new(26.163063, -33.5298462, -10.5942841),
	Vector3.new(27.6483994, -33.3512039, -6.01248169),
	Vector3.new(28.3154984, -33.2068939, -1.24127197),
	Vector3.new(28.1446381, -33.1001587, 3.5743103),
	Vector3.new(27.1413345, -33.0346756, 8.28797913),
	Vector3.new(25.3344345, -33.0127182, 12.7561798),
	Vector3.new(22.7808151, -33.0348434, 16.8438416),
	Vector3.new(19.5575256, -33.1000671, 20.4262848),
	Vector3.new(15.7622452, -33.2066956, 23.3947449),
	Vector3.new(11.5103989, -33.351944, 25.66008),
	Vector3.new(6.93024445, -33.5298538, 27.1509094),
	Vector3.new(2.16231155, -33.7371597, 27.8236694),
	Vector3.new(-2.64917374, -33.9662933, 27.6588898),
	Vector3.new(-7.35766983, -34.209465, 26.6590271),
	Vector3.new(-11.8203278, -34.460556, 24.8560181),
	Vector3.new(-15.9009705, -34.7111435, 22.3045502),
	Vector3.new(-19.4768677, -34.9547577, 19.0825806),
	Vector3.new(-22.4387016, -35.1833572, 15.2874451),
	Vector3.new(-24.6964493, -35.3899689, 11.0345612),
	Vector3.new(-26.1815605, -35.5683212, 6.45314026),
	Vector3.new(-26.848896, -35.7129745, 1.68235779),
	Vector3.new(-26.678196, -35.8195801, -3.13284302),
	Vector3.new(-26.8737259, -40.7091827, -3.06874084),
	Vector3.new(-25.8547134, -40.7754669, -7.85476685),
	Vector3.new(-24.0209618, -40.7977905, -12.391922),
	Vector3.new(-21.4281845, -40.7754669, -16.5423279),
	Vector3.new(-18.1551666, -40.7091827, -20.1798706),
	Vector3.new(-14.3013573, -40.6009445, -23.1940613),
	Vector3.new(-9.98385239, -40.4540405, -25.4933014),
	Vector3.new(-5.3338356, -40.2729416, -27.0077057),
	Vector3.new(-0.492591858, -40.0631561, -27.6912842),
	Vector3.new(4.39278412, -39.8310471, -27.5232544),
	Vector3.new(9.17383575, -39.5836563, -26.508728),
	Vector3.new(13.7052841, -39.3285141, -24.6785431),
	Vector3.new(17.8510208, -39.0731506, -22.0898438),
	Vector3.new(21.4823532, -38.8261642, -18.817749),
	Vector3.new(24.490448, -38.5944824, -14.9640808),
	Vector3.new(26.782692, -38.3841782, -10.6452942),
	Vector3.new(28.2909927, -38.2027893, -5.99281311),
	Vector3.new(28.9683304, -38.0562973, -1.14801025),
	Vector3.new(28.794838, -37.9478149, 3.74188232),
	Vector3.new(27.7760925, -37.8813248, 8.52830505),
	Vector3.new(25.9412766, -37.8589935, 13.0653992),
	Vector3.new(23.348259, -37.8814316, 17.216095),
	Vector3.new(20.0752563, -37.9477081, 20.8538361),
	Vector3.new(16.2214432, -38.0559158, 23.868042),
	Vector3.new(11.9039536, -38.2035599, 26.1683044),
	Vector3.new(7.25318146, -38.3841324, 27.6821747),
	Vector3.new(2.4117012, -38.594635, 28.3652344),
	Vector3.new(-2.47398758, -38.8273849, 28.1979065),
	Vector3.new(-7.2551384, -39.0742188, 27.1827393),
	Vector3.new(-11.7866135, -39.3291473, 25.3518372),
	Vector3.new(-15.930233, -39.5836487, 22.7610779),
	Vector3.new(-19.5612946, -39.8310394, 19.4893951),
	Vector3.new(-22.568821, -40.0631638, 15.6357117),
	Vector3.new(-24.8614082, -40.2729568, 11.3172302),
	Vector3.new(-26.3694229, -40.4540558, 6.66513062),
	Vector3.new(-27.0470581, -40.6009445, 1.82073975),
	Vector3.new(-26.8737259, -40.7091827, -3.06874084),
	Vector3.new(-26.2252121, -45.5564117, -2.90124512),
	Vector3.new(-25.2192307, -45.6230087, -7.61407471),
	Vector3.new(-23.414814, -45.6429749, -12.0830231),
	Vector3.new(-20.8607521, -45.6215973, -16.1701508),
	Vector3.new(-17.6379242, -45.5567245, -19.7521057),
	Vector3.new(-13.8426361, -45.4494934, -22.7216187),
	Vector3.new(-9.59036255, -45.3063278, -24.9841461),
	Vector3.new(-5.01106644, -45.1274338, -26.4773254),
	Vector3.new(-0.243274689, -44.9204712, -27.1506805),
	Vector3.new(4.56805801, -44.6925125, -26.9851532),
	Vector3.new(9.27703094, -44.4488068, -25.9871063),
	Vector3.new(13.738884, -44.1976166, -24.1831512),
	Vector3.new(17.8217926, -43.9457169, -21.633316),
	Vector3.new(21.3979568, -43.7024841, -18.4109039),
	Vector3.new(24.3603363, -43.4744568, -14.6157532),
	Vector3.new(26.6177292, -43.2672043, -10.3626404),
	Vector3.new(28.1031342, -43.0885849, -5.78082275),
	Vector3.new(28.7701645, -42.9443665, -1.0096283),
	Vector3.new(28.5993118, -42.8374481, 3.8059845),
	Vector3.new(27.5961075, -42.7719498, 8.51971436),
	Vector3.new(25.7890625, -42.7499161, 12.9878693),
	Vector3.new(23.2354813, -42.7719955, 17.07547),
	Vector3.new(20.0121994, -42.8373489, 20.6579895),
	Vector3.new(16.2169418, -42.9438095, 23.6264038),
	Vector3.new(11.9649811, -43.0893555, 25.8916779),
	Vector3.new(7.38489532, -43.2671127, 27.3825684),
	Vector3.new(2.61696243, -43.4744339, 28.0551758),
	Vector3.new(-2.19447708, -43.7037125, 27.8903809),
	Vector3.new(-6.90301132, -43.9467773, 26.8907623),
	Vector3.new(-11.3656197, -44.197731, 25.0875854),
	Vector3.new(-15.4459763, -44.4489365, 22.5363007),
	Vector3.new(-19.0230827, -44.6916122, 19.3153229),
	Vector3.new(-21.9858055, -44.9213028, 15.5207825),
	Vector3.new(-24.2418098, -45.1279297, 11.2667694),
	Vector3.new(-25.7271881, -45.305809, 6.68496704),
	Vector3.new(-26.3957024, -45.4501266, 1.91407776),
	Vector3.new(-26.2252121, -45.5564117, -2.90124512),
	Vector3.new(-24.7489777, -50.2150345, -2.63528442),
	Vector3.new(-23.7889481, -50.2783279, -7.13220215),
	Vector3.new(-22.0673752, -50.2975006, -11.3964539),
	Vector3.new(-19.6302719, -50.2769699, -15.2963715),
	Vector3.new(-16.555069, -50.215126, -18.7142334),
	Vector3.new(-12.9336662, -50.1128922, -21.5476532),
	Vector3.new(-8.87625504, -49.9762192, -23.7065125),
	Vector3.new(-4.50669861, -49.8055954, -25.1313019),
	Vector3.new(0.0426673889, -49.608017, -25.7738647),
	Vector3.new(4.6335907, -49.3906937, -25.6159363),
	Vector3.new(9.12684631, -49.1582031, -24.6636353),
	Vector3.new(13.3843002, -48.9182205, -22.942276),
	Vector3.new(17.2802429, -48.6780396, -20.5092621),
	Vector3.new(20.6925888, -48.4459381, -17.4344177),
	Vector3.new(23.5192261, -48.2284851, -13.8131104),
	Vector3.new(25.6731949, -48.0305557, -9.75489807),
	Vector3.new(27.0905762, -47.8601227, -5.38298035),
	Vector3.new(27.727005, -47.7226028, -0.830337524),
	Vector3.new(27.5639801, -47.6205521, 3.76467896),
	Vector3.new(26.6068192, -47.5579605, 8.26248169),
	Vector3.new(24.8824387, -47.5368805, 12.5259247),
	Vector3.new(22.4458694, -47.5579147, 16.4262543),
	Vector3.new(19.3702316, -47.6203461, 19.8446655),
	Vector3.new(15.7488708, -47.7218399, 22.677124),
	Vector3.new(11.6916199, -47.8609085, 24.8386078),
	Vector3.new(7.32138062, -48.0304337, 26.2611847),
	Vector3.new(2.77186966, -48.2282715, 26.9028931),
	Vector3.new(-1.8191452, -48.4471512, 26.7456512),
	Vector3.new(-6.31196594, -48.6791153, 25.7919159),
	Vector3.new(-10.5701408, -48.9183884, 24.0712585),
	Vector3.new(-14.4634933, -49.1580734, 21.6368866),
	Vector3.new(-17.8767471, -49.3898315, 18.5635834),
	Vector3.new(-20.7037125, -49.6091537, 14.9427948),
	Vector3.new(-22.8563919, -49.8059998, 10.883606),
	Vector3.new(-24.2737236, -49.9757996, 6.51173401),
	Vector3.new(-24.9116783, -50.1135254, 1.95942688),
	Vector3.new(-24.7489777, -50.2150345, -2.63528442),
	Vector3.new(-22.4916039, -54.5428314, -2.27902222),
	Vector3.new(-21.6066589, -54.6009521, -6.42338562),
	Vector3.new(-20.0202522, -54.618721, -10.3533936),
	Vector3.new(-17.7741699, -54.5996552, -13.9475708),
	Vector3.new(-14.9400406, -54.5427246, -17.0974884),
	Vector3.new(-11.6025391, -54.448555, -19.708725),
	Vector3.new(-7.86327362, -54.3226089, -21.698288),
	Vector3.new(-3.83623886, -54.1654053, -23.0114594),
	Vector3.new(0.356456757, -53.9832611, -23.6038208),
	Vector3.new(4.58748627, -53.7831573, -23.4581757),
	Vector3.new(8.72851563, -53.568924, -22.5805359),
	Vector3.new(12.6522064, -53.3474808, -20.9940948),
	Vector3.new(16.2427826, -53.126236, -18.7518158),
	Vector3.new(19.3876419, -52.9124451, -15.9179688),
	Vector3.new(21.9926682, -52.7120895, -12.5805511),
	Vector3.new(23.9777832, -52.52948, -8.84056091),
	Vector3.new(25.2840805, -52.3724213, -4.81135559),
	Vector3.new(25.8704987, -52.2457657, -0.615600586),
	Vector3.new(25.7202682, -52.1516724, 3.61921692),
	Vector3.new(24.8382874, -52.0939102, 7.76445007),
	Vector3.new(23.2489471, -52.0744095, 11.6936188),
	Vector3.new(21.003418, -52.0937881, 15.2881622),
	Vector3.new(18.1688843, -52.1513901, 18.4385986),
	Vector3.new(14.8314285, -52.2448196, 21.0490417),
	Vector3.new(11.0921707, -52.3731995, 23.0410919),
	Vector3.new(7.06456757, -52.5293808, 24.3521118),
	Vector3.new(2.87170792, -52.7117157, 24.9433899),
	Vector3.new(-1.35937881, -52.9135513, 24.7985382),
	Vector3.new(-5.49998093, -53.127327, 23.9195862),
	Vector3.new(-9.42433548, -53.3476563, 22.3337708),
	Vector3.new(-13.0123558, -53.568573, 20.0902252),
	Vector3.new(-16.1580544, -53.7823105, 17.2580261),
	Vector3.new(-18.7633667, -53.9846573, 13.9210205),
	Vector3.new(-20.7473068, -54.165741, 10.1799622),
	Vector3.new(-22.053524, -54.3222656, 6.15086365),
	Vector3.new(-22.6415482, -54.4492493, 1.95545959),
	Vector3.new(-22.4916039, -54.5428314, -2.27902222),
	Vector3.new(-19.5216751, -58.4083252, -1.8433075),
	Vector3.new(-18.7387161, -58.4595795, -5.50917053),
	Vector3.new(-17.3356476, -58.4753113, -8.98550415),
	Vector3.new(-15.3488503, -58.4583435, -12.1647644),
	Vector3.new(-12.8419075, -58.4080505, -14.9510193),
	Vector3.new(-9.8897171, -58.324791, -17.2607422),
	Vector3.new(-6.58221436, -58.2134171, -19.0205383),
	Vector3.new(-3.02005386, -58.0744019, -20.1821747),
	Vector3.new(0.688568115, -57.9132462, -20.7063446),
	Vector3.new(4.43115234, -57.7364349, -20.5774231),
	Vector3.new(8.0941391, -57.5469894, -19.8011169),
	Vector3.new(11.5648041, -57.3508072, -18.3977966),
	Vector3.new(14.7409897, -57.1551666, -16.4144135),
	Vector3.new(17.5227661, -56.9661407, -13.907608),
	Vector3.new(19.8270798, -56.7890778, -10.9555511),
	Vector3.new(21.5830078, -56.6272964, -7.64738464),
	Vector3.new(22.7385178, -56.4883957, -4.08332825),
	Vector3.new(23.257103, -56.376442, -0.371932983),
	Vector3.new(23.1242447, -56.2931671, 3.37400818),
	Vector3.new(22.3442612, -56.2419662, 7.04071045),
	Vector3.new(20.9382248, -56.2246552, 10.5162506),
	Vector3.new(18.9519501, -56.2417984, 13.6957855),
	Vector3.new(16.4446335, -56.2928162, 16.4825439),
	Vector3.new(13.4925156, -56.375351, 18.7916412),
	Vector3.new(10.1848602, -56.4891281, 20.5537567),
	Vector3.new(6.62225342, -56.6272736, 21.7133179),
	Vector3.new(2.91344833, -56.7885284, 22.2362213),
	Vector3.new(-0.829162598, -56.9672165, 22.1081543),
	Vector3.new(-4.49172974, -57.156311, 21.3307037),
	Vector3.new(-7.96302414, -57.3509674, 19.9279022),
	Vector3.new(-11.1366577, -57.5463715, 17.9433594),
	Vector3.new(-13.9192429, -57.7356033, 15.4382629),
	Vector3.new(-16.2237282, -57.9148331, 12.4864655),
	Vector3.new(-17.9786491, -58.0746536, 9.17723083),
	Vector3.new(-19.1340446, -58.2131653, 5.61331177),
	Vector3.new(-19.6542854, -58.3255386, 1.90228271),
	Vector3.new(-19.5216751, -58.4083252, -1.8433075),
	Vector3.new(-15.9294243, -61.6940689, -1.34133911),
	Vector3.new(-15.2721977, -61.7369232, -4.41729736),
	Vector3.new(-14.0951385, -61.7501373, -7.33435059),
	Vector3.new(-12.4279861, -61.7357864, -10.0020905),
	Vector3.new(-10.3244286, -61.6936569, -12.3400116),
	Vector3.new(-7.847229, -61.6237869, -14.2780457),
	Vector3.new(-5.07199097, -61.5304413, -15.7545929),
	Vector3.new(-2.08295822, -61.4138336, -16.7294464),
	Vector3.new(1.02891541, -61.2785645, -17.1694489),
	Vector3.new(4.16932678, -61.1304398, -17.0611877),
	Vector3.new(7.24297333, -60.9715042, -16.4098511),
	Vector3.new(10.1551514, -60.8065643, -15.2322845),
	Vector3.new(12.8204803, -60.6424332, -13.5680695),
	Vector3.new(15.1546478, -60.4839325, -11.4644623),
	Vector3.new(17.0882416, -60.3355637, -8.98742676),
	Vector3.new(18.5616455, -60.1995392, -6.2116394),
	Vector3.new(19.5312576, -60.0829544, -3.22102356),
	Vector3.new(19.9662247, -59.9891205, -0.106750488),
	Vector3.new(19.8547668, -59.9192047, 3.03649902),
	Vector3.new(19.2005386, -59.8761444, 6.11329651),
	Vector3.new(18.0204773, -59.8615417, 9.02957153),
	Vector3.new(16.3538132, -59.8759155, 11.6975098),
	Vector3.new(14.2498779, -59.9187927, 14.0358887),
	Vector3.new(11.7728195, -59.9879303, 15.9735107),
	Vector3.new(8.99726105, -60.0836258, 17.4521637),
	Vector3.new(6.00788879, -60.1995468, 18.4250031),
	Vector3.new(2.8958168, -60.334877, 18.8636017),
	Vector3.new(-0.244598389, -60.4849548, 18.7562561),
	Vector3.new(-3.31783676, -60.643631, 18.1038971),
	Vector3.new(-6.23061371, -60.8067017, 16.9267883),
	Vector3.new(-8.89340591, -60.9706497, 15.2614746),
	Vector3.new(-11.2283249, -61.1296082, 13.159668),
	Vector3.new(-13.161972, -61.2802582, 10.6827545),
	Vector3.new(-14.6345215, -61.4139862, 7.90586853),
	Vector3.new(-15.6039925, -61.5302658, 4.91542053),
	Vector3.new(-16.0406532, -61.6246185, 1.80154419),
	Vector3.new(-15.9294243, -61.6940689, -1.34133911),
	Vector3.new(-11.8239975, -64.3002319, -0.788406372),
	Vector3.new(-11.3124313, -64.3334122, -3.1809845),
	Vector3.new(-10.3972092, -64.3436432, -5.45013428),
	Vector3.new(-9.10032654, -64.3323822, -7.52526855),
	Vector3.new(-7.46409607, -64.2997284, -9.34381104),
	Vector3.new(-5.53714371, -64.2453308, -10.8513031),
	Vector3.new(-3.37848663, -64.1728821, -11.9996948),
	Vector3.new(-1.05342865, -64.0821915, -12.758194),
	Vector3.new(1.36714935, -63.976944, -13.1006622),
	Vector3.new(3.80997086, -63.86203, -13.0163269),
	Vector3.new(6.20088959, -63.7384033, -12.5097504),
	Vector3.new(8.46611023, -63.6097336, -11.5937347),
	Vector3.new(10.5396118, -63.4820786, -10.2992859),
	Vector3.new(12.3552475, -63.3589401, -8.66273499),
	Vector3.new(13.8593521, -63.2437973, -6.73600769),
	Vector3.new(15.0054932, -63.1376343, -4.57693481),
	Vector3.new(15.759758, -63.0469437, -2.25064087),
	Vector3.new(16.0978546, -62.9740295, 0.171890259),
	Vector3.new(16.0111694, -62.9196091, 2.61694336),
	Vector3.new(15.502594, -62.8860092, 5.01036072),
	Vector3.new(14.5843506, -62.8745193, 7.27876282),
	Vector3.new(13.2879181, -62.8856735, 9.35401917),
	Vector3.new(11.6513443, -62.9191132, 11.1730347),
	Vector3.new(9.72457886, -62.9727859, 12.6802673),
	Vector3.new(7.56544495, -63.0475006, 13.8305817),
	Vector3.new(5.24012756, -63.1376572, 14.5870972),
	Vector3.new(2.81934738, -63.242897, 14.9280701),
	Vector3.new(0.376552582, -63.3599014, 14.844696),
	Vector3.new(-2.01397324, -63.4833374, 14.3372192),
	Vector3.new(-4.27975845, -63.609848, 13.4215851),
	Vector3.new(-6.35074615, -63.7373505, 12.1260986),
	Vector3.new(-8.1670723, -63.8611984, 10.4914551),
	Vector3.new(-9.67112732, -63.9786987, 8.56466675),
	Vector3.new(-10.816555, -64.082283, 6.4045105),
	Vector3.new(-11.5706367, -64.1727753, 4.0783844),
	Vector3.new(-11.9104652, -64.2462158, 1.65628052),
	Vector3.new(-11.8239975, -64.3002319, -0.788406372),
	Vector3.new(-7.33013153, -66.1476288, -0.201293945),
	Vector3.new(-6.97972107, -66.1701584, -1.83776855),
	Vector3.new(-6.35419083, -66.1770401, -3.39009094),
	Vector3.new(-5.46699142, -66.1692352, -4.80957031),
	Vector3.new(-4.34779739, -66.1470413, -6.05343628),
	Vector3.new(-3.02961349, -66.1097641, -7.08457947),
	Vector3.new(-1.55316925, -66.060463, -7.86991882),
	Vector3.new(0.0372619629, -65.9984283, -8.3890686),
	Vector3.new(1.69300461, -65.9264069, -8.62359619),
	Vector3.new(3.3639946, -65.8481827, -8.56567383),
	Vector3.new(4.99954224, -65.7636261, -8.21928406),
	Vector3.new(6.54895782, -65.6751556, -7.59269714),
	Vector3.new(7.96772766, -65.5878067, -6.70736694),
	Vector3.new(9.20960999, -65.5037918, -5.58760071),
	Vector3.new(10.2385101, -65.4254074, -4.26968384),
	Vector3.new(11.0225754, -65.3523102, -2.79296875),
	Vector3.new(11.5386047, -65.2902603, -1.20166016),
	Vector3.new(11.7695618, -65.2404861, 0.455535889),
	Vector3.new(11.7102127, -65.2032242, 2.12811279),
	Vector3.new(11.3628311, -65.1800842, 3.76544189),
	Vector3.new(10.7342377, -65.1720734, 5.3170166),
	Vector3.new(9.84745789, -65.1796341, 6.73657227),
	Vector3.new(8.72793579, -65.202652, 7.98092651),
	Vector3.new(7.40997314, -65.2392654, 9.0118866),
	Vector3.new(5.93291473, -65.2907104, 9.79901123),
	Vector3.new(4.34230804, -65.3523331, 10.3162079),
	Vector3.new(2.68637085, -65.4243088, 10.5491638),
	Vector3.new(1.01541138, -65.5046921, 10.4923401),
	Vector3.new(-0.619750977, -65.5891495, 10.1450653),
	Vector3.new(-2.16973114, -65.6752396, 9.51878357),
	Vector3.new(-3.58596039, -65.7624359, 8.63250732),
	Vector3.new(-4.82850266, -65.8473587, 7.5146637),
	Vector3.new(-5.85729599, -65.9281387, 6.19659424),
	Vector3.new(-6.64073944, -65.9984589, 4.71876526),
	Vector3.new(-7.15652084, -66.0604019, 3.12763977),
	Vector3.new(-7.38921356, -66.1107407, 1.47091675),
	Vector3.new(-7.33013153, -66.1476288, -0.201293945),
	Vector3.new(-2.40574646, -67.1913605, -0.428482056),
	Vector3.new(-1.63837814, -67.1905441, -1.93746948),
	Vector3.new(-0.400909424, -67.160408, -3.09242249),
	Vector3.new(1.15597916, -67.1043243, -3.75480652),
	Vector3.new(2.84497452, -67.0285568, -3.84460449),
	Vector3.new(4.46196365, -66.9400787, -3.35073853),
	Vector3.new(5.81328583, -66.8533401, -2.33244324),
	Vector3.new(6.7339325, -66.7762604, -0.913925171),
	Vector3.new(7.11283112, -66.7196274, 0.735565186),
	Vector3.new(6.90699768, -66.6886826, 2.41635132),
	Vector3.new(6.13698578, -66.6881104, 3.9246521),
	Vector3.new(4.89942932, -66.7184525, 5.07997131),
	Vector3.new(3.34170532, -66.7762985, 5.74209595),
	Vector3.new(1.652565, -66.8541641, 5.83140564),
	Vector3.new(0.0353851318, -66.9401169, 5.33699036),
	Vector3.new(-1.31403732, -67.0277557, 4.31976318),
	Vector3.new(-2.23397827, -67.1042938, 2.89987183),
	Vector3.new(-2.61432648, -67.1614761, 1.25108337),
	Vector3.new(-2.40574646, -67.1913605, -0.428482056),
	Vector3.new(2.26957321, -67.3677063, 1.00369263),
	Vector3.new(2.36285782, -69.3649673, 1.0512085)
}
