--acdc

return {Vector3.new(68.2935333, -0.391357422, 0),
Vector3.new(85.6366348, 20.0261612, 0),
Vector3.new(78.7147827, 28.5757294, 0),
Vector3.new(78.8293991, 100.505066, 0),
Vector3.new(56.4633102, 128.994034, 0),
Vector3.new(67.1878738, 115.160522, -0.149993896),
Vector3.new(51.5757446, 92.8939209, 0),
Vector3.new(51.2231216, 70.9132385, 0),
Vector3.new(60.1776199, 71.1948242, 0),
Vector3.new(59.7643738, 104.312378, -0.137268066),
Vector3.new(67.3717499, 115.169861, 0),
Vector3.new(56.4300995, 128.968628, -0.0310974121),
Vector3.new(33.2706833, 101.915894, 0),
Vector3.new(31.0743561, 31.6349716, 0),
Vector3.new(22.8827324, 22.2482529, 0),
Vector3.new(39.1035233, -0.219711304, 0),
Vector3.new(53.9137955, 17.5271072, 0),
Vector3.new(54.3046341, 25.0136719, 0),
Vector3.new(50.3157043, 28.217926, 0),
Vector3.new(50.7817154, 44.3045502, 0),
Vector3.new(58.7678604, 44.5507965, 0),
Vector3.new(58.6422043, 29.2874146, 0),
Vector3.new(54.3809433, 25.0442429, 0),
Vector3.new(54.0288925, 17.4637756, 0),
Vector3.new(68.2279129, -0.422767639, 0),
Vector3.new(54.0094376, 17.4483337, -0.020904541),
Vector3.new(39.1147385, -0.268829346, 0),
Vector3.new(22.8284149, 22.2619858, 0),
Vector3.new(20.5900154, 25.2758408, 0),
Vector3.new(26.2577438, 32.1783981, 0),
Vector3.new(26.0524445, 101.659134, 0),
Vector3.new(1.71184158, 133.952805, 0),
Vector3.new(-23.2961731, 104.229706, 0),
Vector3.new(-8.85616302, 87.3487701, 0),
Vector3.new(5.30666733, 105.667114, 0),
Vector3.new(3.04730606, 40.3785553, 0),
Vector3.new(-9.73070145, 53.306778, 0),
Vector3.new(-24.6769218, 34.7665482, 0),
Vector3.new(0, 0, 0),
Vector3.new(20.5132179, 25.2785797, 0),
Vector3.new(-0.000385284424, -0.0955734253, 0),
Vector3.new(-24.7553558, 34.7934418, 0),
Vector3.new(-19.8511047, 3.15838623, 0),
Vector3.new(-25.8244038, 2.96317291, 0),
Vector3.new(-64.7562256, 79.9866943, 0),
Vector3.new(-49.4529953, 80.9149475, 0),
Vector3.new(-57.6894455, 116.153275, 0),
Vector3.new(-34.4305496, 115.479523, 0),
Vector3.new(-15.1448364, 53.2758789, 0),
Vector3.new(-30.1723137, 53.150528, 0),
Vector3.new(-24.8011742, 34.8029633, 0),
Vector3.new(-19.7689915, 3.0724411, 0),
Vector3.new(-25.9069462, 2.88841248, 0),
Vector3.new(-64.8200836, 80.0360413, 0),
Vector3.new(-66.6439056, 33.0111847, 0),
Vector3.new(-58.7065964, 24.6611862, 0),
Vector3.new(-73.9466095, 3.53263855, 0),
Vector3.new(-92.6136093, 3.24180603, 0),
Vector3.new(-114.54451, 31.8990326, 0),
Vector3.new(-112.96299, 105.577301, 0),
Vector3.new(-90.6049194, 132.169266, 0),
Vector3.new(-73.6550751, 131.766861, 0),
Vector3.new(-61.7516708, 116.889404, 0),
Vector3.new(-66.7000122, 109.484848, 0),
Vector3.new(-64.8384247, 80.0612946, 0),
Vector3.new(-66.7855148, 109.524124, 0),
Vector3.new(-61.6406326, 116.905273, 0),
Vector3.new(-73.621521, 131.878357, 0),
Vector3.new(-90.6251678, 132.264023, 0),
Vector3.new(-113.056107, 105.608307, 0),
Vector3.new(-121.995338, 105.589233, 0),
Vector3.new(-145.00827, 135.593094, 0),
Vector3.new(-169.313522, 108.380325, 0),
Vector3.new(-155.630753, 91.0393372, 0),
Vector3.new(-141.489883, 108.879257, 0),
Vector3.new(-142.853302, 44.8233795, 0),
Vector3.new(-144.754868, 42.0826721, 0),
Vector3.new(-156.65715, 55.6630096, 0),
Vector3.new(-171.847733, 37.5676575, 0),
Vector3.new(-147.210632, 4.25917816, 0),
Vector3.new(-119.924034, 36.1047592, 0),
Vector3.new(-122.0242, 105.46611, 0),
Vector3.new(-119.853523, 36.0749359, 0),
Vector3.new(-147.222565, 4.19475555, 0),
Vector3.new(-147.144623, 3.49539185, 0)}
