return {Vector3.new(0, 0, 0),
Vector3.new(-9.74507904, 0.457641602, 0),
Vector3.new(-14.535696, 1.8868866, 0),
Vector3.new(-25.579998, 4.97116089, 0),
Vector3.new(-30.3122139, 7.77859497, 0),
Vector3.new(-34.0167694, 11.088562, 0),
Vector3.new(-35.1889992, 14.2240753, 0),
Vector3.new(-33.4062881, 65.409584, 0),
Vector3.new(-31.0645332, 68.5524597, 0),
Vector3.new(-26.666687, 70.8890305, 0),
Vector3.new(-20.7428169, 72.0379028, 0),
Vector3.new(-15.7576752, 72.4528275, 0),
Vector3.new(-15.3147583, 67.6796341, 0),
Vector3.new(-12.5289612, 65.6774597, 0),
Vector3.new(-8.61966324, 64.6054688, 0),
Vector3.new(2.67339706, 63.9546814, 0),
Vector3.new(11.2123861, 64.9284744, 0),
Vector3.new(14.5960264, 65.5853729, 0),
Vector3.new(17.3850822, 67.2479477, 0),
Vector3.new(18.228756, 71.6883163, 0),
Vector3.new(17.884573, 73.0329742, 0),
Vector3.new(24.0296612, 71.8256531, 0),
Vector3.new(29.2819519, 70.1461792, 0),
Vector3.new(32.6501312, 68.0893173, 0),
Vector3.new(35.4916496, 62.3135757, 0),
Vector3.new(35.919754, 11.0840302, 0),
Vector3.new(33.6714668, 8.86721802, 0),
Vector3.new(29.0247898, 5.78050232, 0),
Vector3.new(14.3999157, 0.418701172, 0),
Vector3.new(5.06697083, 0.0124816895, 0),
Vector3.new(-1.10127449, 0.0898575783, -0.149993896),
Vector3.new(-9.04076385, 0.379986525, -0.149993896),
Vector3.new(-10.5710373, 0.633634806, -0.149993896),
Vector3.new(-15.1847343, 1.99413538, -0.149993896),
Vector3.new(-25.019928, 4.74478245, -0.149993896),
Vector3.new(-26.0439568, 5.26124525, -0.149993896),
Vector3.new(-29.8258896, 7.3789854, -0.149993896),
Vector3.new(-30.7347908, 8.01646805, -0.149993896),
Vector3.new(-33.4508858, 10.5609827, -0.149993896),
Vector3.new(-34.3118286, 11.5992661, -0.149993896),
Vector3.new(-34.9611092, 13.6981087, -0.149993896),
Vector3.new(-35.2551498, 14.8259277, -0.149993896),
Vector3.new(-33.4549904, 64.8582382, -0.149993896),
Vector3.new(-33.0689316, 65.8667679, -0.149993896),
Vector3.new(-31.3746948, 68.0683136, -0.149993896),
Vector3.new(-30.6118279, 68.7520599, -0.149993896),
Vector3.new(-27.2210388, 70.47155, -0.149993896),
Vector3.new(-26.0269241, 71.0611038, -0.149993896),
Vector3.new(-21.3520813, 71.942627, -0.149993896),
Vector3.new(-20.1525269, 72.0812607, -0.149993896),
Vector3.new(-15.7143574, 72.5295258, 0),
Vector3.new(-15.8673611, 78.3422165, 0),
Vector3.new(-24.2821808, 78.9798737, 0),
Vector3.new(-28.0617714, 79.7046051, 0),
Vector3.new(-30.0221558, 82.1988068, 0),
Vector3.new(-30.7707176, 85.3599091, 0),
Vector3.new(-32.2251015, 93.7024536, 0),
Vector3.new(-33.2705994, 97.5491028, 0),
Vector3.new(-36.0723686, 102.097321, 0),
Vector3.new(-41.4582024, 106.629219, 0),
Vector3.new(-50.7483253, 112.515358, 0),
Vector3.new(-55.4691353, 116.910873, 0),
Vector3.new(-63.0737572, 124.890068, 0),
Vector3.new(-67.5754089, 131.095108, 0),
Vector3.new(-72.2847443, 142.004562, 0),
Vector3.new(-75.9211273, 158.690598, 0),
Vector3.new(-78.0935059, 170.553421, 0),
Vector3.new(-79.6122894, 180.887238, 0),
Vector3.new(-81.3572083, 197.427063, 0),
Vector3.new(-83.8615417, 215.940643, 0),
Vector3.new(-83.7358093, 227.464828, 0),
Vector3.new(-83.0007324, 248.825638, 0),
Vector3.new(-79.8655243, 263.828308, 0),
Vector3.new(-80.8715973, 259.110718, -0.149993896),
Vector3.new(-82.3914032, 251.893738, -0.149993896),
Vector3.new(-79.3267975, 250.542572, 0),
Vector3.new(-72.2168884, 249.517029, 0),
Vector3.new(-63.734623, 246.947083, 0),
Vector3.new(-21.9305344, 224.202286, 0),
Vector3.new(-16.622715, 219.670319, 0),
Vector3.new(-11.0154018, 212.265533, 0),
Vector3.new(-6.95097542, 202.144226, 0),
Vector3.new(-5.01436806, 192.619476, 0),
Vector3.new(-5.6542263, 178.800964, 0),
Vector3.new(-10.6784115, 164.496246, 0),
Vector3.new(-18.1897545, 153.977158, 0),
Vector3.new(-24.6911659, 144.549011, 0),
Vector3.new(-35.1277885, 137.421539, 0),
Vector3.new(-44.7444954, 134.11969, 0),
Vector3.new(-53.2662315, 138.123077, 0),
Vector3.new(-60.5392265, 144.890289, 0),
Vector3.new(-65.7774506, 153.534714, 0),
Vector3.new(-69.8023834, 163.985306, 0),
Vector3.new(-73.5007172, 186.474228, 0),
Vector3.new(-77.1448059, 205.44812, 0),
Vector3.new(-78.5657043, 221.323746, 0),
Vector3.new(-78.6508942, 233.538727, 0),
Vector3.new(-77.3340912, 241.057449, 0),
Vector3.new(-75.1088562, 244.724823, 0),
Vector3.new(-73.0053711, 246.913025, 0),
Vector3.new(-67.9856415, 248.137665, -0.149993896),
Vector3.new(-66.143158, 244.371155, 0),
Vector3.new(-62.847805, 240.043976, 0),
Vector3.new(-59.2825203, 238.371506, 0),
Vector3.new(-35.303833, 224.998718, 0),
Vector3.new(-22.6221466, 216.886444, 0),
Vector3.new(-14.785984, 205.595398, 0),
Vector3.new(-12.4789314, 196.797729, 0),
Vector3.new(-11.9782333, 186.18782, 0),
Vector3.new(-13.1247711, 176.809982, 0),
Vector3.new(-16.6895752, 168.62291, 0),
Vector3.new(-20.8844795, 160.214417, 0),
Vector3.new(-28.0411034, 151.975311, 0),
Vector3.new(-35.9101524, 145.338287, 0),
Vector3.new(-43.7985497, 143.264557, 0),
Vector3.new(-52.8243675, 147.216553, 0),
Vector3.new(-59.5942955, 154.514496, 0),
Vector3.new(-64.1252594, 164.135971, 0),
Vector3.new(-66.2262878, 174.583206, 0),
Vector3.new(-68.648056, 185.384155, 0),
Vector3.new(-70.9511261, 204.953674, 0),
Vector3.new(-73.2743378, 219.492371, 0),
Vector3.new(-73.4320068, 226.435303, 0),
Vector3.new(-71.2440338, 232.535461, 0),
Vector3.new(-69.6747437, 236.83812, 0),
Vector3.new(-64.9066467, 238.028687, 0),
Vector3.new(-60.5720024, 238.093033, 0),
Vector3.new(-56.5411034, 236.766739, -0.149993896),
Vector3.new(-60.5959206, 238.989044, -0.149993896),
Vector3.new(-63.3872871, 240.728821, -0.149993896),
Vector3.new(-66.4928284, 245.199127, -0.178955078),
Vector3.new(-68.6716309, 248.548248, -0.149993896),
Vector3.new(-73.1337433, 249.608032, -0.149993896),
Vector3.new(-79.9672852, 250.78096, -0.181533813),
Vector3.new(-81.8280334, 251.53624, -0.272598267),
Vector3.new(-82.352356, 252.515335, -0.299987793),
Vector3.new(-80.6140442, 259.82547, -0.263259888),
Vector3.new(-79.5363464, 264.97641, 0),
Vector3.new(-79.1870575, 267.654236, 0),
Vector3.new(-78.1514435, 271.548981, 0),
Vector3.new(-76.289917, 277.748749, 0),
Vector3.new(-71.3836823, 288.868195, 0),
Vector3.new(-66.4244232, 295.969391, 0),
Vector3.new(-60.9732246, 300.568481, 0),
Vector3.new(-52.6110649, 302.980072, 0),
Vector3.new(-43.030735, 302.772614, 0),
Vector3.new(-35.193119, 301.917053, 0),
Vector3.new(-22.8108864, 299.184479, 0),
Vector3.new(-5.69190979, 296.577606, 0),
Vector3.new(1.56765747, 295.64682, 0),
Vector3.new(8.56655693, 296.354401, 0),
Vector3.new(23.0234718, 300.564514, 0),
Vector3.new(33.294426, 303.261322, 0),
Vector3.new(45.1738663, 303.060364, 0),
Vector3.new(55.8944206, 301.857788, 0),
Vector3.new(62.520462, 298.427856, 0),
Vector3.new(69.8707275, 291.659729, 0),
Vector3.new(78.3510742, 278.110809, 0),
Vector3.new(80.5011902, 269.729218, 0),
Vector3.new(82.9685211, 259.803864, 0),
Vector3.new(84.7504425, 248.572662, 0),
Vector3.new(84.9859009, 235.892303, 0),
Vector3.new(82.0572815, 229.58609, 0),
Vector3.new(81.9078827, 233.549744, 0),
Vector3.new(82.0879211, 239.104248, 0),
Vector3.new(79.7902832, 243.104401, 0),
Vector3.new(74.8171082, 246.852585, 0),
Vector3.new(69.8335876, 247.952957, 0),
Vector3.new(60.5219078, 245.195618, 0),
Vector3.new(22.0211868, 222.544464, 0),
Vector3.new(16.1837082, 214.739441, 0),
Vector3.new(11.9475021, 208.730515, 0),
Vector3.new(9.35051537, 200.100739, 0),
Vector3.new(8.28946686, 184.40329, 0),
Vector3.new(9.60028076, 176.405975, 0),
Vector3.new(12.8324356, 165.914841, 0),
Vector3.new(18.0761318, 155.444702, 0),
Vector3.new(25.0521984, 146.341553, 0),
Vector3.new(34.0746269, 138.326584, 0),
Vector3.new(41.3701668, 135.725067, 0),
Vector3.new(49.1206398, 135.75296, 0),
Vector3.new(57.4665642, 139.601624, 0),
Vector3.new(63.2611351, 144.824966, 0),
Vector3.new(67.2328949, 150.588821, 0),
Vector3.new(70.2513885, 159.740189, 0),
Vector3.new(73.305191, 170.05394, 0),
Vector3.new(75.8085632, 181.206757, 0),
Vector3.new(78.2441711, 191.515244, 0),
Vector3.new(79.5374908, 205.364716, 0),
Vector3.new(81.4858551, 219.900177, 0),
Vector3.new(82.1216888, 228.278442, 0),
Vector3.new(82.0250702, 229.553986, 0),
Vector3.new(80.7056274, 231.018707, 0),
Vector3.new(78.0843048, 233.530609, 0),
Vector3.new(71.394928, 236.231628, 0),
Vector3.new(69.4078979, 237.593719, 0),
Vector3.new(58.0634422, 236.889359, 0),
Vector3.new(46.3851776, 230.300446, 0),
Vector3.new(30.4225082, 220.88588, 0),
Vector3.new(22.327404, 213.835358, 0),
Vector3.new(17.4666843, 204.682175, 0),
Vector3.new(14.1531429, 194.437378, 0),
Vector3.new(14.5673714, 184.379242, 0),
Vector3.new(16.8876934, 171.588013, 0),
Vector3.new(20.2546768, 165.271759, 0),
Vector3.new(27.8006668, 156.527969, 0),
Vector3.new(32.3095779, 150.325439, 0),
Vector3.new(40.3971634, 146.878265, 0),
Vector3.new(48.5559654, 145.96228, 0),
Vector3.new(58.0973663, 149.795685, 0),
Vector3.new(63.4007835, 158.75705, 0),
Vector3.new(67.8171082, 169.762268, 0),
Vector3.new(70.7290649, 178.623016, 0),
Vector3.new(71.1073761, 190.125153, 0),
Vector3.new(72.1838226, 199.272827, 0),
Vector3.new(73.4880371, 211.544067, 0),
Vector3.new(74.7654877, 229.22139, 0),
Vector3.new(72.4225922, 234.792267, 0),
Vector3.new(71.3228912, 236.115173, 0),
Vector3.new(72.217453, 235.810196, -0.149993896),
Vector3.new(77.3106384, 233.780457, -0.149993896),
Vector3.new(78.8879471, 232.741791, -0.149993896),
Vector3.new(79.9272232, 231.635361, -0.149993896),
Vector3.new(81.5610352, 229.917999, -0.149993896),
Vector3.new(82.2454071, 230.129517, -0.149993896),
Vector3.new(84.7905426, 235.272079, -0.149993896),
Vector3.new(84.7375641, 232.127945, 0),
Vector3.new(84.5777435, 224.21286, 0),
Vector3.new(83.9287567, 210.963135, 0),
Vector3.new(83.5853424, 201.73291, 0),
Vector3.new(81.812561, 183.411331, 0),
Vector3.new(77.7142487, 160.854431, 0),
Vector3.new(72.895401, 140.021362, 0),
Vector3.new(69.3497925, 131.189117, 0),
Vector3.new(63.1932106, 122.469688, 0),
Vector3.new(54.9291763, 114.658539, 0),
Vector3.new(45.7481804, 107.571075, 0),
Vector3.new(40.90662, 104.341202, 0),
Vector3.new(36.296711, 101.305519, 0),
Vector3.new(34.6546402, 99.0447693, 0),
Vector3.new(33.5317879, 95.0050201, 0),
Vector3.new(32.5902863, 90.9613724, 0),
Vector3.new(31.8068504, 84.4628754, 0),
Vector3.new(30.432827, 81.184433, 0),
Vector3.new(26.0954494, 79.1532593, 0),
Vector3.new(21.1566467, 78.4139862, 0),
Vector3.new(16.9635353, 78.455368, 0),
Vector3.new(17.8525848, 73.1247253, 0),
Vector3.new(16.8206425, 78.4547043, 0),
Vector3.new(-15.7828541, 78.3672791, 0)}
