--lETTER A

return {
	Vector3.new(0, 0, 0),
	Vector3.new(0, -2.95918274, 0.583236694),
	Vector3.new(0, -2.95084381, -0.585952759),
	Vector3.new(0, 3.03967285, -1.8494873),
	Vector3.new(0, 3.15680695, -1.42556763),
	Vector3.new(0, 3.15224457, -0.943878174),
	Vector3.new(0, 2.98616028, -0.382980347),
	Vector3.new(0, 2.5776062, 0.196029663),
	Vector3.new(0, 2.18889618, 0.589660645),
	Vector3.new(0, 1.63354492, 1.04785156),
	Vector3.new(0, 1.26094055, 1.32041931),
	Vector3.new(0, 0.802810669, 1.57385254),
	Vector3.new(0, 0.781143188, 2.28723145),
	Vector3.new(0, 0.676391602, 2.89459229),
	Vector3.new(0, 0.404830933, 3.37954712),
	Vector3.new(0, 0.0694580078, 3.70039368),
	Vector3.new(0, -0.345230103, 3.73410034),
	Vector3.new(0, -0.58455658, 3.55024719),
	Vector3.new(0, -0.650650024, 3.19139099),
	Vector3.new(0, -0.516960144, 2.8586731),
	Vector3.new(0, -0.264862061, 2.76519775),
	Vector3.new(0, -0.0667572021, 2.87034607),
	Vector3.new(0, 0.156929016, 2.64553833),
	Vector3.new(0, 0.248550415, 2.29042053),
	Vector3.new(0, 0.287582397, 1.94940186),
	Vector3.new(0, -0.516265869, 2.3553009),
	Vector3.new(0, -1.59030914, 2.76863098),
	Vector3.new(0, -2.52069092, 3.02758789),
	Vector3.new(0, -3.14464569, 3.098526),
	Vector3.new(0, -3.534935, 2.97796631),
	Vector3.new(0, -3.82609558, 2.56980896),
	Vector3.new(-0.000610351563, -3.88470459, 2.037323),
	Vector3.new(0, -3.48963928, 2.16139221),
	Vector3.new(0, -2.92982483, 2.12229919),
	Vector3.new(0, -2.29315186, 1.98974609),
	Vector3.new(0, -1.4338913, 1.753479),
	Vector3.new(0, -0.722312927, 1.49356079),
	Vector3.new(0, 0.280204773, 1.0708313),
	Vector3.new(0, 0.0184326172, 0.0323944092),
	Vector3.new(0, 0.409988403, -0.0885925293),
	Vector3.new(0, 0.566169739, 0.461990356),
	Vector3.new(0, 0.683189392, 0.919937134),
	Vector3.new(0, 1.18522644, 0.61656189),
	Vector3.new(0, 1.82096863, 0.229415894),
	Vector3.new(0, 2.23540497, -0.145217896),
	Vector3.new(0, 2.54642487, -0.532073975),
	Vector3.new(0, 0.474945068, -0.0999908447)
}
