--letter b

return {
	Vector3.new(0, 0, 0),
	Vector3.new(0, -3.1128006, 0.690505981),
	Vector3.new(0, -3.08541107, 1.8638916),
	Vector3.new(0, 2.08982849, 0.777084351),
	Vector3.new(0, 2.2543335, -0.409820557),
	Vector3.new(0, 0.49181366, -0.0709991455),
	Vector3.new(0, 0.554580688, -0.504333496),
	Vector3.new(0, 0.882865906, -0.887756348),
	Vector3.new(0, 1.44426727, -1.21885681),
	Vector3.new(0, 2.11894226, -1.21627808),
	Vector3.new(0, 2.57622528, -0.845748901),
	Vector3.new(0, 2.66299438, -0.228881836),
	Vector3.new(0, 2.53419495, 0.498016357),
	Vector3.new(0, 2.17209625, 1.17376709),
	Vector3.new(0, 1.90276337, 1.46400452),
	Vector3.new(0, 1.38420868, 1.70172119),
	Vector3.new(0, 0.686035156, 1.8210907),
	Vector3.new(0, 0.127792358, 1.73817444),
	Vector3.new(0, 0.155235291, 2.10693359),
	Vector3.new(0, 0.383674622, 2.47026062),
	Vector3.new(0, 0.899490356, 2.58306885),
	Vector3.new(0, 1.48878479, 2.44976807),
	Vector3.new(0, 2.18123627, 1.96794128),
	Vector3.new(0, 2.73440552, 1.15606689),
	Vector3.new(0, 3.02228546, 0.128341675),
	Vector3.new(0, 3.02957916, -0.789489746),
	Vector3.new(0, 2.64159393, -1.68157959),
	Vector3.new(0, 2.03460693, -2.06404114),
	Vector3.new(0, 1.36829376, -2.06773376),
	Vector3.new(0, 0.820411682, -1.84190369),
	Vector3.new(0, 0.396148682, -1.37229919),
	Vector3.new(0, 0.153594971, -1.86434937),
	Vector3.new(0, -0.368247986, -2.17346191),
	Vector3.new(-0.000610351563, -1.07893372, -2.25508118),
	Vector3.new(0, -1.84540558, -2.14337158),
	Vector3.new(0, -2.49498749, -1.78234863),
	Vector3.new(0, -2.9276886, -1.39743042),
	Vector3.new(0, -3.16271973, -0.948898315),
	Vector3.new(0, -3.25242615, -0.514358521),
	Vector3.new(0, -3.185112, -0.0182037354),
	Vector3.new(0, -2.99350739, 0.243484497),
	Vector3.new(0, -2.60128784, 0.331298828),
	Vector3.new(0, -2.21835327, 0.212371826),
	Vector3.new(0, -2.45024872, -0.0897216797),
	Vector3.new(0, -2.47771454, -0.446517944),
	Vector3.new(0, -2.30931854, -0.694091797),
	Vector3.new(0, -2.30931854, -0.694091797),
	Vector3.new(0, -1.97998047, -0.902999878),
	Vector3.new(0, -1.53385925, -1.05072021),
	Vector3.new(0, -0.942504883, -1.13833618),
	Vector3.new(0, -0.47808075, -1.04977417),
	Vector3.new(0, -0.125030518, -0.851715088),
	Vector3.new(0, 0.0376586914, -0.521850586),
	Vector3.new(0, 0.0357589722, -0.0552215576)
}
