return {
    Vector3.new(0, 0, 0),
    Vector3.new(0, -0.143821716, -0.143501282),
    Vector3.new(0, -0.649559021, 0.103088379),
    Vector3.new(0, -1.01325989, 0.489181519),
    Vector3.new(0, -1.34344482, 1.06507111),
    Vector3.new(0, -1.50265503, 1.82463837),
    Vector3.new(0, -1.49665833, 2.58891296),
    Vector3.new(0, -1.30895233, 3.12384796),
    Vector3.new(0, -0.899330139, 3.58480072),
    Vector3.new(0, -0.253875732, 3.8446579),
    Vector3.new(-0.000610351563, 0.593925476, 3.95825958),
    Vector3.new(0, 1.71173859, 3.85921478),
    Vector3.new(0, 2.57038116, 3.61890411),
    Vector3.new(0, 3.41687775, 3.2739563),
    Vector3.new(0, 4.00608826, 2.77728271),
    Vector3.new(0, 4.41879272, 2.1907196),
    Vector3.new(0, 4.65027618, 1.55120087),
    Vector3.new(0, 4.65844727, 0.752334595),
    Vector3.new(0, 4.47209167, 0.293487549),
    Vector3.new(0, 4.10004425, -0.113182068),
    Vector3.new(0, 3.55703735, -0.225631714),
    Vector3.new(0, 3.10798645, -0.17792511),
    Vector3.new(0, 2.84465027, 0.0776062012),
    Vector3.new(0, 2.79573822, 0.420150757),
    Vector3.new(0, 2.95905304, 0.79006958),
    Vector3.new(0, 3.20333099, 0.579467773),
    Vector3.new(0, 3.62120056, 0.448143005),
    Vector3.new(0, 3.96893311, 0.502601624),
    Vector3.new(0, 4.18991852, 0.668449402),
    Vector3.new(0, 4.26857758, 1.07688141),
    Vector3.new(0, 4.1195755, 1.41159058),
    Vector3.new(0, 3.74443054, 1.79542542),
    Vector3.new(0, 3.15264893, 2.13961792),
    Vector3.new(0, 2.40531158, 2.42423248),
    Vector3.new(0, 1.48722839, 2.60723114),
    Vector3.new(0, 0.540878296, 2.68178558),
    Vector3.new(0, -0.0862197876, 2.60407257),
    Vector3.new(0, -0.552047729, 2.37028503),
    Vector3.new(0, -0.766304016, 1.9643631),
    Vector3.new(0, -0.799194336, 1.44203949),
    Vector3.new(0, -0.707260132, 0.970451355),
    Vector3.new(0, -0.535652161, 0.564613342),
    Vector3.new(0, -0.0781860352, 0.0408782959)
}
