--letter d

return {
	Vector3.new(0, 0, 0),
	Vector3.new(0, 4.54603577, -0.936637878),
	Vector3.new(0, 4.40840912, 0.243377686),
	Vector3.new(0, -0.769798279, 1.37568665),
	Vector3.new(0, -0.832618713, 0.223022461),
	Vector3.new(0, -0.484291077, 0.106376648),
	Vector3.new(0, -0.743682861, -0.319763184),
	Vector3.new(0, -0.870071411, -0.620880127),
	Vector3.new(0, -0.860031128, -1.06452942),
	Vector3.new(0, -0.676208496, -1.57752228),
	Vector3.new(0, -0.372993469, -1.9669342),
	Vector3.new(0, 0.365707397, -2.45976257),
	Vector3.new(0, 1.4571228, -2.88641357),
	Vector3.new(0, 2.57481384, -3.12091827),
	Vector3.new(-0.000610351563, 3.52881622, -3.14904022),
	Vector3.new(0, 4.34013367, -2.94000244),
	Vector3.new(0, 4.82979584, -2.53687286),
	Vector3.new(0, 5.13729858, -2.00524902),
	Vector3.new(0, 5.29846191, -1.36006165),
	Vector3.new(0, 5.33090973, -0.615524292),
	Vector3.new(0, 5.23478699, 0.0824050903),
	Vector3.new(0, 5.00917816, 0.681915283),
	Vector3.new(0, 4.63581848, 1.27900696),
	Vector3.new(0, 4.19329071, 1.71386719),
	Vector3.new(0, 3.56277466, 1.96865845),
	Vector3.new(0, 3.00788116, 2.05646515),
	Vector3.new(0, 2.63411713, 1.90512085),
	Vector3.new(0, 2.44610596, 1.59812164),
	Vector3.new(0, 2.44613647, 1.23904419),
	Vector3.new(0, 2.82139587, 1.34233856),
	Vector3.new(0, 3.5125351, 1.27604675),
	Vector3.new(0, 4.12718201, 1.00918579),
	Vector3.new(0, 4.57029724, 0.527534485),
	Vector3.new(0, 4.86307526, -0.184555054),
	Vector3.new(0, 4.92766571, -0.881324768),
	Vector3.new(0, 4.86261749, -1.48168945),
	Vector3.new(0, 4.47151947, -1.81219482),
	Vector3.new(0, 3.82870483, -2.00444031),
	Vector3.new(0, 3.15971375, -2.03075409),
	Vector3.new(0, 2.46353149, -1.98983765),
	Vector3.new(0, 1.84329224, -1.91060638),
	Vector3.new(0, 1.40752411, -1.77146912),
	Vector3.new(0, 0.896759033, -1.56390381),
	Vector3.new(0, 0.344390869, -1.32014465),
	Vector3.new(0, 0.00241851807, -0.944625854),
	Vector3.new(0, -0.124313354, -0.649299622),
	Vector3.new(0, -0.160713196, -0.333747864),
	Vector3.new(0, -0.0522689819, -0.0682220459)
}
