--letter e

return {
	Vector3.new(0, 0, 0),
	Vector3.new(0, -0.567329407, 0.315757751),
	Vector3.new(0, -0.996994019, 0.774047852),
	Vector3.new(0, -1.30593109, 1.3529129),
	Vector3.new(0, -1.42025757, 1.92118835),
	Vector3.new(0, -1.40606689, 2.55644989),
	Vector3.new(0, -1.24053955, 3.04427338),
	Vector3.new(0, -0.924858093, 3.45128632),
	Vector3.new(0, -0.414245605, 3.76625061),
	Vector3.new(0, 0.215667725, 3.84405518),
	Vector3.new(0, 0.847198486, 3.81841278),
	Vector3.new(0, 1.36283112, 3.53858948),
	Vector3.new(0, 1.71408844, 3.19422913),
	Vector3.new(0, 1.97819519, 2.75308228),
	Vector3.new(0, 2.06703949, 2.44461823),
	Vector3.new(0, 2.41592407, 2.86224365),
	Vector3.new(0, 2.73799896, 3.0775528),
	Vector3.new(0, 3.25080109, 3.21683502),
	Vector3.new(0, 3.76131439, 3.11273193),
	Vector3.new(0, 4.24359894, 2.76185608),
	Vector3.new(0, 4.55925751, 2.35886383),
	Vector3.new(0, 4.76303864, 1.77507782),
	Vector3.new(-0.000610351563, 4.79794312, 1.30953979),
	Vector3.new(0, 4.73390198, 0.837287903),
	Vector3.new(0, 4.56661987, 0.408256531),
	Vector3.new(0, 4.22567749, 0.0582504272),
	Vector3.new(0, 3.86876678, -0.0754089355),
	Vector3.new(0, 3.55353546, -0.0746917725),
	Vector3.new(0, 3.19915009, 0.0602798462),
	Vector3.new(0, 3.01140594, 0.194221497),
	Vector3.new(0, 2.89938354, 0.492919922),
	Vector3.new(0, 2.98498535, 0.772361755),
	Vector3.new(0, 3.18856049, 0.951950073),
	Vector3.new(0, 3.29790497, 0.72303772),
	Vector3.new(0, 3.53418732, 0.591316223),
	Vector3.new(0, 3.88104248, 0.558029175),
	Vector3.new(0, 4.25099182, 0.689628601),
	Vector3.new(0, 4.38021088, 0.968238831),
	Vector3.new(0, 4.35726166, 1.30924225),
	Vector3.new(0, 4.25250244, 1.66254425),
	Vector3.new(0, 4.07746124, 1.86923218),
	Vector3.new(0, 3.81009674, 2.02690887),
	Vector3.new(0, 3.45252228, 2.10484314),
	Vector3.new(0, 3.06967163, 2.07244873),
	Vector3.new(0, 2.72440338, 1.91402435),
	Vector3.new(0, 2.39931488, 1.61200714),
	Vector3.new(0, 2.06266785, 1.08174133),
	Vector3.new(0, 1.84046936, 1.49961853),
	Vector3.new(0, 1.51117706, 1.84845734),
	Vector3.new(0, 1.12332916, 2.14603424),
	Vector3.new(0, 0.67766571, 2.34722137),
	Vector3.new(0, 0.188941956, 2.42314911),
	Vector3.new(0, -0.235771179, 2.26696777),
	Vector3.new(0, -0.504806519, 2.04829407),
	Vector3.new(0, -0.651191711, 1.60774994),
	Vector3.new(0, -0.639793396, 1.16143036),
	Vector3.new(0, -0.547225952, 0.773857117),
	Vector3.new(0, -0.259025574, 0.430526733),
	Vector3.new(0, 0.0650405884, 0.248786926),
	Vector3.new(0, 0.0326080322, 0.0498657227)
}
