--letter f

return {
    Vector3.new(0, 0, 0),
    Vector3.new(0, 5.38575745, -1.1447525),
    Vector3.new(0, 5.35152435, -0.844284058),
    Vector3.new(0, 5.2353363, -0.595558167),
    Vector3.new(0, 4.93516541, -0.318840027),
    Vector3.new(0, 4.51908875, -0.139472961),
    Vector3.new(0, 4.01007843, -0.0847396851),
    Vector3.new(0, 3.62177277, -0.0816040039),
    Vector3.new(0, 3.23091125, -0.193580627),
    Vector3.new(0, 3.26883698, 0.190811157),
    Vector3.new(0, 3.45933533, 0.511184692),
    Vector3.new(0, 3.87702179, 0.634780884),
    Vector3.new(0, 4.41639709, 0.614280701),
    Vector3.new(0, 5.02148438, 0.401489258),
    Vector3.new(0, 5.61185455, -0.0599746704),
    Vector3.new(0, 5.83148193, -0.473678589),
    Vector3.new(0, 6.07615662, -1.16430664),
    Vector3.new(0, 6.13790131, -1.89161682),
    Vector3.new(0, 6.11660004, -2.60825348),
    Vector3.new(0, 6.04834747, -3.33864594),
    Vector3.new(0, 6.06439209, -3.97587585),
    Vector3.new(-0.000610351563, 6.14875031, -4.24932861),
    Vector3.new(0, 5.66746521, -4.07836151),
    Vector3.new(0, 5.27669525, -3.79854584),
    Vector3.new(0, 5.14269257, -3.4390564),
    Vector3.new(0, 5.18836212, -2.93054962),
    Vector3.new(0, 5.30706787, -2.36806488),
    Vector3.new(0, 3.45439148, -1.98550415),
    Vector3.new(0, 3.452034, -3.17529297),
    Vector3.new(0, 2.78816986, -2.99404144),
    Vector3.new(0, 2.78226471, -1.80516815),
    Vector3.new(-0.000610351563, -0.0330200195, -1.11113739),
    Vector3.new(-0.000610351563, -0.0395431519, -0.0543212891)
}
