return {
	Vector3.new(2.72156024, 8.90843773, -20.4722576),
	Vector3.new(-2.72028136, 8.90300179, -20.500185),
	Vector3.new(-2.73170567, 9.4041853, -16.0105305),
	Vector3.new(-2.7452085, 9.39208031, -14.5056496),
	Vector3.new(-2.7452085, 6.91273451, -14.507555),
	Vector3.new(-2.7452085, 7.41021824, -16.0066032),
	Vector3.new(-2.74563456, 6.90694714, -20.4856415),
	Vector3.new(-2.70920777, 8.8800211, -20.500185),
	Vector3.new(-2.74574137, 6.90327644, -20.500185),
	Vector3.new(-4.23520231, 6.90547562, -20.4988899),
	Vector3.new(-4.24520826, 7.40284824, -15.9956093),
	Vector3.new(-4.24217224, 6.9207468, -14.500185),
	Vector3.new(-2.7452085, 6.92457008, -14.5190601),
	Vector3.new(-4.24426079, 6.90571117, -14.5013266),
	Vector3.new(-4.24490643, 9.40198803, -14.500185),
	Vector3.new(2.7607882, 9.40533161, -14.4884033),
	Vector3.new(2.73952556, 9.40533447, -15.9964094),
	Vector3.new(2.7547915, 8.89990807, -20.4885864),
	Vector3.new(2.75337362, 6.92162752, -20.500185),
	Vector3.new(4.25121212, 6.90559626, -20.4978027),
	Vector3.new(4.24944878, 7.40518427, -16.0015125),
	Vector3.new(4.25201416, 6.90595961, -14.5020695),
	Vector3.new(2.7547915, 6.96375513, -14.5268679),
	Vector3.new(2.76126218, 9.35406971, -14.500185),
	Vector3.new(2.7547915, 6.92295456, -14.5132017),
	Vector3.new(2.7547915, 7.40636778, -16.0047531),
	Vector3.new(2.7547915, 6.92634201, -20.4621525),
	Vector3.new(4.24269009, 6.90798187, -20.4763317),
	Vector3.new(4.26350069, 5.655334, -20.4944115),
	Vector3.new(-4.2485795, 5.655334, -20.4906349),
	Vector3.new(-4.24520826, 6.83728218, -20.4949017),
	Vector3.new(-4.24520874, 5.65784311, -20.4876995),
	Vector3.new(-4.24520874, 5.65729332, -19.5032558),
	Vector3.new(-4.24828815, 4.41148186, -19.5063438),
	Vector3.new(-4.49520826, 4.41555357, -20.0005302),
	Vector3.new(-4.49409389, 4.41216469, -20.5012989),
	Vector3.new(-3.99700499, 4.42156935, -20.9983902),
	Vector3.new(4.00061989, 4.41769218, -21.000185),
	Vector3.new(4.50248957, 4.4325614, -20.5024948),
	Vector3.new(4.49758863, 4.408916, -19.9857655),
	Vector3.new(4.25969505, 4.41700554, -19.5099792),
	Vector3.new(4.25479126, 5.66219473, -19.5122414),
	Vector3.new(4.50479841, 5.64609051, -20.0007286),
	Vector3.new(4.50408363, 5.64004469, -20.5009003),
	Vector3.new(4.00988102, 5.65007782, -20.9951038),
	Vector3.new(-3.99681473, 5.65533257, -20.9944496),
	Vector3.new(-4.49201155, 5.655334, -20.4990654),
	Vector3.new(-4.49409294, 5.655334, -20.0116253),
	Vector3.new(-4.24520826, 5.66412544, -19.4868279),
	Vector3.new(-4.47887707, 5.6553297, -19.9902096),
	Vector3.new(-4.48970938, 4.44979811, -19.9891872),
	Vector3.new(-4.49422646, 4.43443871, -20.5011673),
	Vector3.new(-4.49520826, 5.63090992, -20.4992638),
	Vector3.new(-3.99083519, 5.655334, -20.972784),
	Vector3.new(-3.99939966, 4.44240284, -20.9959946),
	Vector3.new(3.99002028, 4.42023659, -21.000185),
	Vector3.new(4.0055666, 5.63552761, -20.9994183),
	Vector3.new(4.49204922, 5.61906052, -20.5129356),
	Vector3.new(4.50479841, 4.45934677, -20.4904404),
	Vector3.new(4.50375032, 4.43538046, -19.9980888),
	Vector3.new(4.50360203, 5.63577414, -19.9977932),
	Vector3.new(4.25479126, 5.66684341, -19.5054569),
	Vector3.new(4.25479126, 5.66983986, -20.4756165),
	Vector3.new(3.98516989, 5.655334, -20.5162983),
	Vector3.new(3.99679399, 5.905334, -20.4852562),
	Vector3.new(4.00723076, 6.66097021, -20.500185),
	Vector3.new(2.76056719, 6.66001272, -20.500185),
	Vector3.new(2.74834228, 5.90732193, -20.500185),
	Vector3.new(3.9842031, 5.90098, -20.500185),
	Vector3.new(3.97195649, 5.655334, -20.5317764),
	Vector3.new(-4.0344286, 5.67664242, -20.500185),
	Vector3.new(-4.01597643, 6.65764093, -20.500185),
	Vector3.new(-2.74885035, 6.65980196, -20.500185),
	Vector3.new(-2.74235344, 5.9150157, -20.500185),
	Vector3.new(-3.98557091, 5.905334, -20.4801865),
	Vector3.new(-4.05147552, 5.65533257, -20.5403442),
	Vector3.new(-4.25911617, 5.655334, -20.4741554),
	Vector3.new(-4.24520779, 5.65608406, -19.4920158),
	Vector3.new(-4.24520826, 4.42257595, -19.4889603),
	Vector3.new(-4.24520779, 4.40828991, -18.7544613),
	Vector3.new(-4.24520826, 4.63411331, -18.7517509),
	Vector3.new(-4.24520826, 5.2421093, -18.6546288),
	Vector3.new(-4.24520874, 5.72328424, -18.4269466),
	Vector3.new(-4.24520779, 6.03312922, -18.1653175),
	Vector3.new(-4.24520779, 6.28485441, -17.8478127),
	Vector3.new(-4.24520874, 6.52352667, -17.3738537),
	Vector3.new(-4.24520874, 6.61246824, -16.7527351),
	Vector3.new(-4.24520826, 6.51407433, -16.1194954),
	Vector3.new(-4.24520779, 6.28143311, -15.6383133),
	Vector3.new(-4.24520779, 6.02753687, -15.3290949),
	Vector3.new(-4.24520779, 5.72753286, -15.0845423),
	Vector3.new(-4.24520779, 5.27154255, -14.8605337),
	Vector3.new(-4.24520826, 4.60770082, -14.7487144),
	Vector3.new(-4.24520826, 4.41809034, -14.750598),
	Vector3.new(-4.24520826, 4.41345358, -13.5134344),
	Vector3.new(-4.24520826, 5.419065, -13.5065079),
	Vector3.new(-4.24520779, 5.42192888, 10.423996),
	Vector3.new(-4.24520779, 5.75078917, 10.5785141),
	Vector3.new(-4.24520779, 6.03310442, 10.8281841),
	Vector3.new(-4.24520779, 6.28530645, 11.1110477),
	Vector3.new(-4.24520874, 6.51251221, 11.6228924),
	Vector3.new(-4.24520874, 6.60736132, 12.2321377),
	Vector3.new(-4.24520779, 6.50327206, 12.8926697),
	Vector3.new(-4.24520779, 6.32495117, 13.2963314),
	Vector3.new(-4.24520779, 6.0079546, 13.6819611),
	Vector3.new(-4.24520779, 5.73783779, 13.9161263),
	Vector3.new(-4.24520826, 5.41882277, 14.0737495),
	Vector3.new(-4.24551392, 5.4174571, 19.5004272),
	Vector3.new(-4.2375412, 5.4053359, 20.5062904),
	Vector3.new(4.26479053, 5.40533638, 20.5085983),
	Vector3.new(4.25479841, 5.41138744, 14.0684986),
	Vector3.new(4.25479841, 5.71171904, 13.9224815),
	Vector3.new(4.25479889, 6.02629328, 13.6554565),
	Vector3.new(4.25479841, 6.30900335, 13.3290024),
	Vector3.new(4.25479889, 6.50502157, 12.8812008),
	Vector3.new(4.25479841, 6.61389494, 12.2493076),
	Vector3.new(4.25479841, 6.51582384, 11.6049862),
	Vector3.new(4.25479841, 6.29856443, 11.1552448),
	Vector3.new(4.25479889, 6.02073956, 10.8317814),
	Vector3.new(4.25479841, 5.7246542, 10.5600014),
	Vector3.new(4.25479794, 5.42860699, 10.4379368),
	Vector3.new(4.25479126, 5.40370131, -8.01211452),
	Vector3.new(4.25479126, 3.41149521, -10.0075245),
	Vector3.new(4.25479889, 3.40775967, -14.737627),
	Vector3.new(4.25479889, 4.60991812, -14.7444983),
	Vector3.new(4.25479889, 5.2436862, -14.8424501),
	Vector3.new(4.25479889, 5.71644402, -15.0772438),
	Vector3.new(4.25479841, 6.04422474, -15.351202),
	Vector3.new(4.25479841, 6.27743244, -15.6380911),
	Vector3.new(4.25479889, 6.5218606, -16.1289921),
	Vector3.new(4.25479889, 6.63791943, -16.7452049),
	Vector3.new(4.25479841, 6.52387381, -17.3937168),
	Vector3.new(4.25479841, 6.28100252, -17.8728123),
	Vector3.new(4.25479889, 6.03544664, -18.1882248),
	Vector3.new(4.25479841, 5.73720264, -18.4231873),
	Vector3.new(4.25479841, 5.25724697, -18.6537247),
	Vector3.new(4.25479889, 4.60322857, -18.7540188),
	Vector3.new(4.25479889, 4.41681814, -18.7494373),
	Vector3.new(4.25479841, 4.42224407, -19.456131),
	Vector3.new(4.23241472, 4.42962265, -18.7475052),
	Vector3.new(3.76097012, 4.405334, -18.7530689),
	Vector3.new(3.76482034, 4.405334, -19.4984093),
	Vector3.new(-3.73041058, 4.405334, -19.5040131),
	Vector3.new(-3.7522068, 4.4053359, -18.7662659),
	Vector3.new(-4.22843361, 4.40533638, -18.7889977),
	Vector3.new(-3.75991249, 4.4053359, -18.7634239),
	Vector3.new(-3.77519941, 4.60235929, -18.7284431),
	Vector3.new(-3.8012228, 5.22631168, -18.6066265),
	Vector3.new(-3.77522945, 5.69416714, -18.4121666),
	Vector3.new(-3.7813673, 5.97526455, -18.1865349),
	Vector3.new(-3.74520826, 6.28480959, -17.8724327),
	Vector3.new(-3.74520826, 6.5135107, -17.3751736),
	Vector3.new(-3.74520826, 6.62230158, -16.7471581),
	Vector3.new(-3.74520779, 6.51291656, -16.1169052),
	Vector3.new(-3.74520826, 6.28756714, -15.6412868),
	Vector3.new(-3.74520779, 6.0299511, -15.3257694),
	Vector3.new(-3.74520779, 5.74785185, -15.0878401),
	Vector3.new(-3.74520779, 5.25307703, -14.828495),
	Vector3.new(-3.74520779, 4.60751629, -14.7391815),
	Vector3.new(-3.74520826, 4.41869211, -14.7450285),
	Vector3.new(-3.74520826, 4.41001749, -14.0039787),
	Vector3.new(-3.74520779, 6.8975997, -14.0056286),
	Vector3.new(-3.74520826, 6.9049058, -19.4795456),
	Vector3.new(-2.75380611, 6.89572334, -19.500185),
	Vector3.new(-2.7452085, 4.43660784, -19.4737892),
	Vector3.new(-3.73682022, 4.42944002, -19.500185),
	Vector3.new(-3.71493435, 6.86162233, -19.500185),
	Vector3.new(-2.75413942, 6.87325239, -19.500185),
	Vector3.new(-2.75997949, 6.90533161, -14.0064507),
	Vector3.new(-3.71555519, 6.8972187, -14.000185),
	Vector3.new(-2.78177595, 6.87599325, -14.000185),
	Vector3.new(-2.74622726, 4.4244895, -14.000185),
	Vector3.new(-3.70817566, 4.42271471, -14.000185),
	Vector3.new(-2.7682333, 4.44148874, -14.000185),
	Vector3.new(-2.75056028, 4.40534306, -13.5142345),
	Vector3.new(-4.21685743, 4.40534306, -13.5277367),
	Vector3.new(-2.76383805, 4.41452694, -13.500185),
	Vector3.new(-2.75155544, 5.39817905, -13.500185),
	Vector3.new(-2.75030565, 5.4053359, 10.4924107),
	Vector3.new(-2.77397966, 6.90533161, 10.515276),
	Vector3.new(-2.75963092, 6.89273071, 13.999815),
	Vector3.new(-2.76139212, 5.42142057, 13.999815),
	Vector3.new(-3.726264, 5.4053359, 14.0119038),
	Vector3.new(-4.22692919, 5.41689634, 14.0573616),
	Vector3.new(-2.7452085, 5.38653326, 14.0228596),
	Vector3.new(-2.7806654, 5.40533161, 20.4808464),
	Vector3.new(-4.18824244, 5.4053359, 20.5057793),
	Vector3.new(-4.23598814, 5.40533161, 19.6124268),
	Vector3.new(-4.48986053, 5.42084599, 19.9891205),
	Vector3.new(-4.48867846, 5.40949202, 20.5063477),
	Vector3.new(-3.99537182, 5.40732193, 20.9996529),
	Vector3.new(4.00332928, 5.40533638, 20.9985085),
	Vector3.new(4.50479841, 5.42070723, 20.4981194),
	Vector3.new(4.50479841, 5.4097867, 20.0062637),
	Vector3.new(4.25479841, 5.42493439, 19.4727707),
	Vector3.new(4.25479841, 6.65082407, 19.494236),
	Vector3.new(4.49816799, 6.63722897, 19.986557),
	Vector3.new(4.49810314, 5.43670273, 19.9864273),
	Vector3.new(4.49024725, 5.46203756, 20.5143661),
	Vector3.new(4.50479841, 6.64980316, 20.4980965),
	Vector3.new(4.49505901, 6.65533638, 20.0386772),
	Vector3.new(4.49140739, 6.64602804, 20.5132065),
	Vector3.new(3.99242282, 6.63752842, 20.9998169),
	Vector3.new(4.0052433, 5.44690752, 20.9993706),
	Vector3.new(3.98276067, 6.61859322, 20.9998169),
	Vector3.new(-3.99046469, 6.65533638, 20.9959564),
	Vector3.new(-3.99295712, 5.43408012, 20.9998169),
	Vector3.new(-4.00160742, 6.64462662, 20.9934196),
	Vector3.new(-4.49304867, 6.65532732, 20.5002213),
	Vector3.new(-4.48122787, 5.41298866, 20.5137978),
	Vector3.new(-4.49125481, 5.4420228, 19.991909),
	Vector3.new(-4.48839855, 6.65533638, 20.0029449),
	Vector3.new(-4.49520826, 6.64223528, 20.4815445),
	Vector3.new(-4.48707008, 6.64327192, 19.9835396),
	Vector3.new(-4.24592304, 6.65533495, 19.5031509),
	Vector3.new(-4.25563526, 6.29789829, 19.4987869),
	Vector3.new(-4.50253057, 6.29789829, 19.9871483),
	Vector3.new(-4.27338457, 6.29789829, 19.4848099),
	Vector3.new(-4.24520826, 6.69193125, 19.5009041),
	Vector3.new(-4.23875046, 6.65881062, 20.4998169),
	Vector3.new(4.25455666, 6.65542507, 20.4998169),
	Vector3.new(4.25479841, 6.65220833, 19.4980736),
	Vector3.new(4.25479841, 6.28068447, 19.4533539),
	Vector3.new(4.27161837, 6.28033638, 13.447258),
	Vector3.new(4.27023554, 6.03033638, 13.6914558),
	Vector3.new(4.25479841, 6.02475262, 19.4981155),
	Vector3.new(4.25479841, 6.37594318, 19.4902306),
	Vector3.new(4.25479841, 6.31098127, 13.4040432),
	Vector3.new(4.25479889, 6.52839327, 12.8968487),
	Vector3.new(4.25479841, 6.62091923, 12.2506828),
	Vector3.new(4.25479841, 6.53031158, 11.571888),
	Vector3.new(4.25479841, 6.30786705, 11.0942326),
	Vector3.new(4.28120708, 6.28033638, 11.0073891),
	Vector3.new(4.25479841, 6.28642941, -9.99876499),
	Vector3.new(4.25479841, 6.02840805, -10.0014763),
	Vector3.new(4.25479841, 6.02703094, 10.7033386),
	Vector3.new(4.25479794, 6.32485676, 11.1174431),
	Vector3.new(4.25479841, 6.50553083, 11.5732498),
	Vector3.new(4.25479889, 6.62980223, 12.2411461),
	Vector3.new(4.25479841, 6.54074764, 12.9104118),
	Vector3.new(4.25479889, 6.32012749, 13.4260082),
	Vector3.new(4.25479841, 6.36477566, 19.4941216),
	Vector3.new(4.25479841, 6.65488863, 19.4937706),
	Vector3.new(4.25479126, 6.66525602, 20.4912148),
	Vector3.new(4.24962902, 7.26396799, 20.4998169),
	Vector3.new(4.25479841, 7.28401423, -10.0026302),
	Vector3.new(4.25479841, 7.53264046, -10.0046072),
	Vector3.new(4.25465441, 7.55138493, 20.4998169),
	Vector3.new(4.24680948, 7.23667097, 20.4998169),
	Vector3.new(1.51458895, 7.27841282, 20.4998169),
	Vector3.new(1.4959898, 7.53305101, 20.4998169),
	Vector3.new(4.24712563, 7.58008718, 20.4998169),
	Vector3.new(4.2688694, 8.53033161, 20.5216141),
	Vector3.new(4.25479841, 8.53124237, -10.0031395),
	Vector3.new(4.25479841, 8.79205322, -10.0050831),
	Vector3.new(4.25479126, 8.78721428, 20.4987488),
	Vector3.new(4.22720146, 8.49312305, 20.4998169),
	Vector3.new(4.25416565, 8.82359695, 20.4998169),
	Vector3.new(1.50296974, 8.78989124, 20.4998169),
	Vector3.new(1.49765432, 8.52628994, 20.4998169),
	Vector3.new(4.23962212, 8.49900532, 20.4998169),
	Vector3.new(4.25106239, 9.41628265, 20.4976273),
	Vector3.new(4.25183964, 11.9128313, 19.9998169),
	Vector3.new(4.25479126, 11.9067736, 19.5027199),
	Vector3.new(4.25479841, 9.40256214, 19.4944115),
	Vector3.new(4.25479841, 9.42291546, 16.9933453),
	Vector3.new(4.25479841, 11.9090252, 16.9991207),
	Vector3.new(4.25479841, 11.9156857, 19.4852524),
	Vector3.new(4.25479841, 11.9098854, 16.5034714),
	Vector3.new(4.23561192, 9.40626431, 16.499815),
	Vector3.new(4.25479841, 9.390872, 13.9939823),
	Vector3.new(4.25479841, 11.9134464, 13.9969749),
	Vector3.new(4.20295572, 11.9039068, 16.499815),
	Vector3.new(4.25479841, 11.9015846, 13.5048847),
	Vector3.new(4.25479841, 11.9150801, 11.0031204),
	Vector3.new(4.25479841, 9.40452766, 10.9797802),
	Vector3.new(4.25479841, 9.39701939, 13.5066242),
	Vector3.new(4.25479841, 11.9154072, 13.5165977),
	Vector3.new(4.25479841, 11.9028053, 10.5067024),
	Vector3.new(4.25479841, 11.9043455, 7.99745941),
	Vector3.new(4.25480366, 9.40407944, 8.00038147),
	Vector3.new(4.25479841, 9.41156578, 10.5015011),
	Vector3.new(4.25479841, 11.9029846, 10.5110168),
	Vector3.new(4.25479841, 11.9094553, 7.50146484),
	Vector3.new(4.25479841, 11.9015923, 4.9987545),
	Vector3.new(4.25479841, 9.41912746, 4.99094772),
	Vector3.new(4.25480366, 9.40291023, 7.49152184),
	Vector3.new(4.25479841, 11.9169445, 7.49284363),
	Vector3.new(4.25479841, 11.9132032, 4.48017693),
	Vector3.new(4.25480366, 9.38300705, 4.51111603),
	Vector3.new(4.25479841, 9.40773296, 1.98889732),
	Vector3.new(4.25479841, 11.9095459, 2.00898743),
	Vector3.new(4.25479841, 11.8969288, 4.5011692),
	Vector3.new(4.25479841, 11.9161129, 1.49534798),
	Vector3.new(4.25479841, 11.9101143, -1.00434303),
	Vector3.new(4.24283695, 9.41795158, -1.00018597),
	Vector3.new(4.24729538, 9.40533161, 1.49591064),
	Vector3.new(4.25479841, 11.9394474, 1.49419212),
	Vector3.new(4.25479841, 11.8997774, -1.49670887),
	Vector3.new(4.25479841, 11.9074898, -4.00053215),
	Vector3.new(4.25479841, 9.39390659, -4.01217842),
	Vector3.new(4.25122738, 9.40533161, -1.5053997),
	Vector3.new(4.25479841, 11.9113894, -1.51783371),
	Vector3.new(4.25479841, 11.907197, -4.50301838),
	Vector3.new(4.24460602, 11.9053516, -6.99909973),
	Vector3.new(4.25049782, 9.41229248, -7.00018549),
	Vector3.new(4.25479841, 9.41312408, -4.49855137),
	Vector3.new(4.25479841, 11.897953, -4.48469257),
	Vector3.new(4.25479841, 11.9073687, -7.49942589),
	Vector3.new(4.25479841, 11.9070206, -10.0004482),
	Vector3.new(4.25479841, 9.40160942, -9.9976635),
	Vector3.new(4.25479841, 9.40679932, -7.4962616),
	Vector3.new(4.25338984, 11.9022255, -7.50018549),
	Vector3.new(4.25479841, 11.9069014, -10.5045824),
	Vector3.new(4.25479126, 3.89584875, -10.4877272),
	Vector3.new(4.25479126, 3.90954185, -13.5088739),
	Vector3.new(4.25479841, 11.9145212, -13.5053692),
	Vector3.new(4.25479841, 11.89639, -10.4938612),
	Vector3.new(4.25479841, 11.9110117, -13.9963264),
	Vector3.new(5.00479078, 11.9010229, -13.9988585),
	Vector3.new(5.00479078, 11.8958778, -13.7566729),
	Vector3.new(4.25479841, 11.9229927, -13.7364044),
	Vector3.new(4.26756191, 9.41262913, -13.750185),
	Vector3.new(5.00479078, 9.4110899, -13.7573328),
	Vector3.new(5.00326967, 11.8959036, -13.750185),
	Vector3.new(5.00479078, 11.8906803, -13.9719934),
	Vector3.new(5.00479078, 9.41670609, -13.9946966),
	Vector3.new(4.25941133, 9.40954494, -14.000185),
	Vector3.new(4.25479126, 11.9112186, -14.0026951),
	Vector3.new(4.24459887, 9.4280014, -14.4956522),
	Vector3.new(4.25479889, 6.9022274, -14.4697618),
	Vector3.new(4.23291588, 9.40720654, -14.4998112),
	Vector3.new(3.74658036, 9.40115547, -14.500185),
	Vector3.new(3.75572777, 11.9053516, -14.0134621),
	Vector3.new(4.20383263, 11.9024, -14.0007725),
	Vector3.new(4.24991989, 11.9202595, -14.500185),
	Vector3.new(-4.22481346, 11.917326, -14.500185),
	Vector3.new(-4.24520874, 11.9157066, -14.0087442),
	Vector3.new(-4.24520826, 9.43850803, -14.4658661),
	Vector3.new(-3.74989223, 9.43851566, -14.4935493),
	Vector3.new(-3.74825382, 11.9053516, -14.0102596),
	Vector3.new(-4.21181297, 11.9053516, -14.0051012),
	Vector3.new(3.76557136, 11.8939772, -14.0024567),
	Vector3.new(3.76151204, 9.39756298, -14.500185),
	Vector3.new(2.74263883, 9.40533161, -14.4868364),
	Vector3.new(0.30914706, 9.40533161, -14.4852924),
	Vector3.new(-4.22817278, 9.40975094, -14.4993019),
	Vector3.new(-4.24520826, 11.9399252, -13.955925),
	Vector3.new(-4.99350882, 11.9053345, -13.9944792),
	Vector3.new(-4.99308586, 11.9053345, -13.7676668),
	Vector3.new(-4.25406694, 11.9053345, -13.7620316),
	Vector3.new(-4.250453, 9.43708229, -13.750185),
	Vector3.new(-4.99438953, 9.42301083, -13.750185),
	Vector3.new(-4.95419884, 11.8658047, -13.750185),
	Vector3.new(-4.9911418, 11.8721457, -14.000185),
	Vector3.new(-4.99370861, 9.41429901, -14.000185),
	Vector3.new(-4.24838209, 9.40700245, -14.000185),
	Vector3.new(-4.24520826, 11.9275827, -13.9697609),
	Vector3.new(-4.24520826, 11.9117975, -10.4925108),
	Vector3.new(-4.24520826, 9.39724445, -10.5030527),
	Vector3.new(-4.22089148, 9.40976143, -13.500185),
	Vector3.new(-4.24520826, 11.9135361, -13.5003223),
	Vector3.new(-4.24520826, 11.9226618, -9.99509907),
	Vector3.new(-4.20610237, 9.40533161, -9.99698067),
	Vector3.new(-4.24520826, 9.39969158, -7.50278711),
	Vector3.new(-4.24520826, 11.9248066, -7.49072266),
	Vector3.new(-4.24520826, 11.9226732, -10.0132227),
	Vector3.new(-4.24520826, 11.9245043, -7.00679874),
	Vector3.new(-4.24520826, 11.9083328, -4.50110054),
	Vector3.new(-4.24520826, 9.4226141, -4.49416256),
	Vector3.new(-4.24520826, 9.42367077, -7.00408173),
	Vector3.new(-4.24520826, 11.9097824, -7.00807858),
	Vector3.new(-4.24520826, 11.9080515, -4.01440525),
	Vector3.new(-4.24371719, 9.40533161, -3.99873257),
	Vector3.new(-4.24522257, 9.41052723, -1.51540852),
	Vector3.new(-4.24520826, 11.9318771, -1.49647331),
	Vector3.new(-4.24520826, 11.9080629, -4.03342152),
	Vector3.new(-4.24520826, 11.9063082, -0.997722626),
	Vector3.new(-4.24522257, 9.41446018, -1.0069046),
	Vector3.new(-4.24522257, 9.41413879, 1.50436783),
	Vector3.new(-4.24520826, 11.9191732, 1.50372696),
	Vector3.new(-4.24520826, 11.9171515, -1.02361774),
	Vector3.new(-4.24520826, 11.9153032, 1.98507309),
	Vector3.new(-4.24520826, 11.9278994, 4.50907707),
	Vector3.new(-4.24520826, 9.40814781, 4.50705719),
	Vector3.new(-4.24522257, 9.38324642, 1.98098755),
	Vector3.new(-4.24520826, 11.9295721, 1.98485184),
	Vector3.new(-4.24520826, 11.9275789, 4.99329185),
	Vector3.new(-4.24520826, 11.9259186, 7.49953842),
	Vector3.new(-4.24520826, 9.37817955, 7.50170898),
	Vector3.new(-4.24520826, 9.40696526, 4.97779465),
	Vector3.new(-4.24520826, 11.9381523, 4.99425125),
	Vector3.new(-4.24520826, 11.9255915, 7.99358368),
	Vector3.new(-4.24520826, 11.9239407, 10.4857998),
	Vector3.new(-4.24520826, 9.40237904, 10.4947872),
	Vector3.new(-4.24520826, 9.39677238, 7.99112129),
	Vector3.new(-4.24520826, 11.9255915, 7.99328423),
	Vector3.new(-4.24520826, 11.9236078, 10.9883404),
	Vector3.new(-4.24520826, 11.9219465, 13.4975052),
	Vector3.new(-4.24520826, 9.41235447, 13.507719),
	Vector3.new(-4.24520826, 9.39176655, 10.9770126),
	Vector3.new(-4.24520826, 11.9374142, 10.9888649),
	Vector3.new(-4.24520826, 11.9318619, 14.0013161),
	Vector3.new(-4.24520826, 9.41624832, 13.9863396),
	Vector3.new(-4.24520826, 9.4178009, 16.5146561),
	Vector3.new(-4.24520826, 11.91996, 16.496315),
	Vector3.new(-4.24520826, 11.9318619, 14.0019341),
	Vector3.new(-4.24520826, 11.9196262, 16.9991684),
	Vector3.new(-4.24520826, 11.9280224, 19.4987144),
	Vector3.new(-4.21459675, 9.40533161, 19.4874992),
	Vector3.new(-4.24520826, 9.3884306, 16.9974232),
	Vector3.new(-4.24153852, 11.9028683, 16.999815),
	Vector3.new(-4.24520874, 11.9118977, 19.9790268),
	Vector3.new(-4.24520826, 9.41771317, 20.489666),
	Vector3.new(-4.24520874, 8.78784561, 20.4865112),
	Vector3.new(-4.24520874, 8.78916931, -14.2487392),
	Vector3.new(-4.24520874, 8.53622723, -14.2526627),
	Vector3.new(-4.24311543, 8.52634907, 20.4998169),
	Vector3.new(-4.25063419, 8.78033161, 20.4907303),
	Vector3.new(-4.24520874, 6.67708302, 20.4941521),
	Vector3.new(-4.24520874, 7.26784277, 20.4892502),
	Vector3.new(-4.24520874, 7.28013659, -14.2519503),
	Vector3.new(-4.24520874, 7.54209614, -14.2532663),
	Vector3.new(-4.24591017, 7.53033161, 20.5069733),
	Vector3.new(-1.50321698, 7.53426313, 20.4998169),
	Vector3.new(-1.49305534, 7.28189421, 20.4998169),
	Vector3.new(-4.24520874, 7.24356651, 20.4753456),
	Vector3.new(-4.24520874, 8.52515125, 20.4370308),
	Vector3.new(-1.4952085, 8.54290199, 20.5365524),
	Vector3.new(-1.48880029, 8.78105164, 20.4998169),
	Vector3.new(-4.24520874, 8.81902504, 20.4681473),
	Vector3.new(-4.24520874, 6.67687178, 20.4980774),
	Vector3.new(-4.24520826, 6.70144606, 19.4862556),
	Vector3.new(-4.24520826, 6.30319834, 19.4870071),
	Vector3.new(-4.2669363, 6.29789829, 13.4388237),
	Vector3.new(-4.24520779, 5.9820528, 13.727993),
	Vector3.new(-4.26814842, 5.99221659, 19.5456963),
	Vector3.new(-4.24520826, 6.30528927, 19.4945602),
	Vector3.new(-4.24691486, 6.29789829, 13.3687134),
	Vector3.new(-4.24520779, 6.51876354, 12.913475),
	Vector3.new(-4.24520826, 6.63194704, 12.22402),
	Vector3.new(-4.24520826, 6.54799175, 11.6177597),
	Vector3.new(-4.24520826, 6.29578638, 11.0608025),
	Vector3.new(-4.24520779, 6.01578426, 10.7838573),
	Vector3.new(-4.24520779, 5.72921896, 10.5159149),
	Vector3.new(-4.24520826, 5.43648911, 10.4026222),
	Vector3.new(-4.24520826, 5.42323875, -13.5099659),
	Vector3.new(-4.24520826, 6.01128387, -13.5416288),
	Vector3.new(-4.24520779, 6.01566315, -14.2544327),
	Vector3.new(-4.24520779, 6.30514479, -14.2575855),
	Vector3.new(-4.24520779, 6.30133295, 9.88869858),
	Vector3.new(-4.24520779, 6.01029205, 9.53264236),
	Vector3.new(-4.24520826, 5.98949385, -13.5363407),
	Vector3.new(-4.24520826, 5.42758846, -13.4845467),
	Vector3.new(-4.24473906, 4.40534306, -13.5018024),
	Vector3.new(-2.76584959, 4.46715021, -13.500185),
	Vector3.new(-2.70816398, 4.41000128, -13.9955273),
	Vector3.new(2.24071288, 4.40350437, -14.000185),
	Vector3.new(2.25465488, 4.90368652, -13.5018425),
	Vector3.new(2.2547915, 5.15175104, -13.2423439),
	Vector3.new(2.2547915, 5.15496874, -8.25473881),
	Vector3.new(2.2547915, 3.40810227, -10.0046158),
	Vector3.new(2.25867558, 3.42156219, -14.000185),
	Vector3.new(2.23378873, 4.35534, -14.0094585),
	Vector3.new(2.74526215, 4.35534, -14.0100279),
	Vector3.new(2.76125574, 6.88438845, -14.000185),
	Vector3.new(3.75479865, 6.90266991, -14.00138),
	Vector3.new(3.75479841, 3.41091275, -14.0018425),
	Vector3.new(2.25691271, 3.416049, -14.000185),
	Vector3.new(3.75479841, 3.4110651, -14.0140524),
	Vector3.new(3.75479841, 3.40580797, -14.7501497),
	Vector3.new(4.24275351, 3.405334, -14.7202997),
	Vector3.new(4.23336935, 3.41003227, -9.9954958),
	Vector3.new(2.31006074, 3.41902161, -9.98650646),
	Vector3.new(2.28089881, 5.155334, -8.22889137),
	Vector3.new(2.7461772, 5.155334, -8.24781609),
	Vector3.new(2.76853681, 5.4053359, -7.99059391),
	Vector3.new(2.7547915, 5.40762901, 10.5055466),
	Vector3.new(4.2262187, 5.40533495, 10.4109039),
	Vector3.new(2.7547915, 5.37731266, 10.5064869),
	Vector3.new(2.7547915, 5.37207317, 9.25606346),
	Vector3.new(2.7547915, 5.14910889, 9.25791931),
	Vector3.new(-2.73689914, 5.14670849, 9.25844765),
	Vector3.new(-2.7452085, 5.38277817, 9.24557114),
	Vector3.new(-2.7452085, 5.4059968, 10.5199471),
	Vector3.new(-4.21776485, 5.40533447, 10.433073),
	Vector3.new(-4.24520826, 5.70318222, 10.5238876),
	Vector3.new(-4.24520826, 6.29380035, 11.0727463),
	Vector3.new(-4.24520826, 6.53085661, 11.6353302),
	Vector3.new(-4.24520826, 6.6355176, 12.2625351),
	Vector3.new(-4.24520779, 6.52051115, 12.9255142),
	Vector3.new(-4.24520779, 6.32022142, 13.3904152),
	Vector3.new(-4.24520826, 6.31460953, 19.4746361),
	Vector3.new(-4.24520826, 6.70500994, 19.5061073),
	Vector3.new(-4.08391094, 6.65532732, 20.5782471),
	Vector3.new(-1.21906805, 6.66918755, 20.4998169),
	Vector3.new(-1.19205451, 9.41639805, 20.4976044),
	Vector3.new(1.20760393, 9.3998518, 20.4998169),
	Vector3.new(1.21217203, 6.95640278, 20.4998169),
	Vector3.new(-1.22973609, 6.9397459, 20.4998169),
	Vector3.new(-1.1985364, 9.41240025, 20.4984055),
	Vector3.new(-1.20714092, 11.8826962, 20.0043449),
	Vector3.new(1.20597911, 11.8801804, 20.0048485),
	Vector3.new(1.21559334, 9.429883, 20.4949074),
	Vector3.new(4.1700325, 9.4040308, 20.4998169),
	Vector3.new(3.74078321, 9.40533161, 20.4951859),
	Vector3.new(3.75060153, 11.9053516, 19.9889793),
	Vector3.new(1.24438643, 11.8954992, 20.0017853),
	Vector3.new(-3.76237297, 11.9137192, 19.9998169),
	Vector3.new(-4.22173786, 11.9423466, 19.9998169),
	Vector3.new(-3.76148176, 11.8846006, 20.0039635),
	Vector3.new(-3.73558235, 9.40533161, 20.4863853),
	Vector3.new(-4.24259853, 9.39476871, 20.4998169),
	Vector3.new(-1.20121503, 9.39503002, 20.4998169),
	Vector3.new(-1.21780825, 11.9081945, 19.9998169),
	Vector3.new(-4.24520826, 11.9014454, 19.960495),
	Vector3.new(-4.23839092, 13.4042988, 19.9998169),
	Vector3.new(-4.24152565, 13.4090347, -14.4978256),
	Vector3.new(-4.24520874, 11.926302, -14.4793453),
	Vector3.new(-4.21536779, 13.4189482, -14.5001869),
	Vector3.new(-3.73901796, 13.9074154, -14.4983387),
	Vector3.new(-3.72892189, 13.8981829, 19.9998131),
	Vector3.new(-4.23154974, 13.4190102, 19.9707336),
	Vector3.new(-3.73039627, 13.9004974, 19.9998131),
	Vector3.new(-2.25037742, 14.4036283, 19.9974785),
	Vector3.new(-2.23733258, 14.4053516, -14.4980659),
	Vector3.new(-3.72211933, 13.9130478, -14.485508),
	Vector3.new(-2.21195865, 14.3991613, -14.5001869),
	Vector3.new(2.2482872, 14.4045191, -14.5001869),
	Vector3.new(2.26122069, 14.4030895, 19.9998093),
	Vector3.new(-2.24851084, 14.4042511, 19.9816208),
	Vector3.new(2.27593231, 14.3958702, 19.9998093),
	Vector3.new(3.7534008, 13.9058151, 19.9960175),
	Vector3.new(3.76002717, 13.8968592, -14.500185),
	Vector3.new(2.25913572, 14.403904, -14.4944077),
	Vector3.new(3.76907206, 13.8828325, -14.500185),
	Vector3.new(4.2463913, 13.410284, -14.500185),
	Vector3.new(4.25321484, 13.4069357, 19.9932938),
	Vector3.new(3.75441003, 13.8845434, 19.9998131),
	Vector3.new(4.25479126, 13.3797302, 19.9962158),
	Vector3.new(4.25479126, 11.9137154, 19.9711914),
	Vector3.new(3.75619674, 11.9129353, 19.9998169),
	Vector3.new(4.22842789, 11.9322653, 19.9998169),
	Vector3.new(4.25479126, 9.40316391, 20.4797592),
	Vector3.new(4.21690321, 6.65533638, 20.5014076),
	Vector3.new(4.25479841, 6.67268801, 19.5197716),
	Vector3.new(4.25479841, 5.42078924, 19.4893608),
	Vector3.new(4.25479889, 5.42777348, 14.0632439),
	Vector3.new(2.76149917, 5.4053359, 14.0030823),
	Vector3.new(2.7547915, 5.17608356, 13.9085884),
	Vector3.new(2.76886892, 4.58963919, 13.9997444),
	Vector3.new(2.78527403, 4.12184906, 13.9317017),
	Vector3.new(2.7547915, 3.65115356, 13.7058983),
	Vector3.new(2.7547915, 3.37796783, 13.4817982),
	Vector3.new(2.7547915, 3.17315984, 13.226347),
	Vector3.new(2.7547915, 2.95935893, 12.7959404),
	Vector3.new(2.7547915, 2.8629508, 12.2570724),
	Vector3.new(2.7547915, 2.95623732, 11.6817913),
	Vector3.new(2.7547915, 3.18821502, 11.2504406),
	Vector3.new(2.7547915, 3.42287159, 10.9907475),
	Vector3.new(2.7547915, 3.66100979, 10.8061333),
	Vector3.new(2.7547915, 4.04716396, 10.6074276),
	Vector3.new(2.7547915, 4.3419838, 10.5648346),
	Vector3.new(2.72896409, 4.35534, 13.9684505),
	Vector3.new(2.7547915, 5.20396948, 13.9085293),
	Vector3.new(2.7547915, 5.59095049, 13.6973305),
	Vector3.new(2.76677418, 5.83219194, 13.4977455),
	Vector3.new(2.76055837, 6.07113743, 13.2058144),
	Vector3.new(2.76156807, 6.26805496, 12.7955952),
	Vector3.new(2.75950313, 6.35531807, 12.2412968),
	Vector3.new(2.7547915, 6.2718873, 11.7065086),
	Vector3.new(2.75583482, 6.0637145, 11.2825298),
	Vector3.new(2.7547915, 5.80430698, 10.9738541),
	Vector3.new(2.7547915, 5.18264866, 10.5903759),
	Vector3.new(2.7547915, 4.60732937, 10.4840012),
	Vector3.new(2.77100134, 4.39924097, 10.5119934),
	Vector3.new(2.78906155, 4.56858063, 10.5002003),
	Vector3.new(3.99360967, 4.560884, 10.5003796),
	Vector3.new(4.00479126, 5.14092255, 10.6031818),
	Vector3.new(4.00479126, 5.57884645, 10.8104782),
	Vector3.new(4.00479126, 5.9076395, 11.1045952),
	Vector3.new(3.99575424, 6.26967764, 11.7090034),
	Vector3.new(4.00479126, 6.35496616, 12.2452927),
	Vector3.new(4.00479126, 6.2603693, 12.8015862),
	Vector3.new(4.00479126, 6.05683422, 13.208849),
	Vector3.new(3.99135208, 5.78453732, 13.5428696),
	Vector3.new(4.00479126, 5.54941368, 13.7126637),
	Vector3.new(4.00479126, 5.16365862, 13.9083004),
	Vector3.new(4.00479126, 4.63106394, 13.9861145),
	Vector3.new(3.98234344, 4.03885078, 13.9055901),
	Vector3.new(4.00479126, 3.58970737, 13.6536903),
	Vector3.new(4.00479126, 3.35738182, 13.4709301),
	Vector3.new(4.00479126, 3.15268254, 13.1985016),
	Vector3.new(4.00479126, 2.94968939, 12.7939987),
	Vector3.new(4.00479126, 2.86292171, 12.24786),
	Vector3.new(4.00479126, 2.96907783, 11.6760101),
	Vector3.new(4.00479126, 3.16750741, 11.2674427),
	Vector3.new(4.00479126, 3.39202023, 11.0150414),
	Vector3.new(4.00479126, 3.64138031, 10.805336),
	Vector3.new(4.00479126, 4.06194925, 10.6130962),
	Vector3.new(4.00479126, 4.5049963, 10.5481491),
	Vector3.new(4.00479126, 4.54552364, 11.0475864),
	Vector3.new(4.00479126, 4.92463493, 11.0864162),
	Vector3.new(4.00479126, 5.25144053, 11.2453537),
	Vector3.new(4.00479126, 5.56656361, 11.5282669),
	Vector3.new(4.00479126, 5.75962687, 11.859684),
	Vector3.new(4.00479126, 5.81669426, 12.290062),
	Vector3.new(4.00479126, 5.74807644, 12.6957302),
	Vector3.new(4.00479126, 5.54123545, 13.0387001),
	Vector3.new(4.00479126, 5.16758299, 13.3526154),
	Vector3.new(4.00479126, 4.79604053, 13.4410267),
	Vector3.new(4.00479126, 4.44660568, 13.4595222),
	Vector3.new(4.00479126, 3.99214983, 13.3155117),
	Vector3.new(4.00479126, 3.67197013, 13.0028648),
	Vector3.new(4.00479126, 3.49477768, 12.6049042),
	Vector3.new(4.00479126, 3.40810752, 12.0679836),
	Vector3.new(4.00479126, 3.57070804, 11.6413364),
	Vector3.new(4.00479126, 3.7644248, 11.3988743),
	Vector3.new(4.00479126, 4.04725838, 11.2111664),
	Vector3.new(4.00479126, 4.33686495, 11.0915794),
	Vector3.new(4.00479126, 4.54940939, 11.068552),
	Vector3.new(4.00479126, 4.51559687, 10.516407),
	Vector3.new(2.77569199, 4.57018566, 10.5001678),
	Vector3.new(2.77176571, 5.2249403, 10.6131744),
	Vector3.new(2.7547915, 5.34830904, 10.4844322),
	Vector3.new(4.25479889, 5.4258585, 10.4103794),
	Vector3.new(4.25479841, 5.40710354, -7.9828124),
	Vector3.new(4.25479126, 3.42586517, -10.0143576),
	Vector3.new(4.25479889, 3.41370869, -14.7005672),
	Vector3.new(3.76951385, 3.41984153, -14.750185),
	Vector3.new(3.75812459, 3.40533423, -14.0096979),
	Vector3.new(2.30786085, 3.40534306, -13.9676533),
	Vector3.new(2.23497176, 4.35534, -14.0471678),
	Vector3.new(2.74699903, 4.35534, -14.0415659),
	Vector3.new(2.82387447, 4.2744503, -15.0317516),
	Vector3.new(2.7547915, 4.05237865, -15.0988522),
	Vector3.new(2.7547915, 3.64664841, -15.3066416),
	Vector3.new(2.7547915, 3.39108324, -15.5056019),
	Vector3.new(2.7547915, 3.17175412, -15.7703247),
	Vector3.new(2.7547915, 2.96431708, -16.1839371),
	Vector3.new(2.7547915, 2.86401987, -16.7621231),
	Vector3.new(2.7547915, 2.96107817, -17.3076935),
	Vector3.new(2.7547915, 3.18595314, -17.7188358),
	Vector3.new(2.7547915, 3.42929149, -18.0078506),
	Vector3.new(2.7547915, 3.66627479, -18.2222538),
	Vector3.new(2.7547915, 4.03601503, -18.3941536),
	Vector3.new(2.7547915, 4.35445642, -18.4434624),
	Vector3.new(2.7547915, 4.33253384, -15.0479412),
	Vector3.new(2.76174831, 4.60551453, -15.000185),
	Vector3.new(2.7547915, 5.25356531, -15.0920315),
	Vector3.new(2.7547915, 5.58612823, -15.2950773),
	Vector3.new(2.7547915, 5.85116959, -15.5183201),
	Vector3.new(2.76259613, 6.06493855, -15.7847481),
	Vector3.new(2.75781178, 6.2650876, -16.195446),
	Vector3.new(2.7547915, 6.36149693, -16.7498322),
	Vector3.new(2.76445723, 6.26585627, -17.3026199),
	Vector3.new(2.76318312, 6.06633902, -17.7135029),
	Vector3.new(2.76475382, 5.84523869, -17.9851551),
	Vector3.new(2.7547915, 5.56805515, -18.2146034),
	Vector3.new(2.75625277, 5.17344379, -18.405407),
	Vector3.new(2.76712584, 4.61597395, -18.5001526),
	Vector3.new(2.77686501, 4.40655851, -18.4888592),
	Vector3.new(2.7547915, 4.6194458, -18.5057621),
	Vector3.new(4.00479126, 4.59802198, -18.4925804),
	Vector3.new(4.00479126, 4.07935429, -18.4139061),
	Vector3.new(4.00479126, 3.64857101, -18.2102776),
	Vector3.new(4.00479126, 3.39550757, -17.9746075),
	Vector3.new(4.00479126, 3.16975594, -17.7202148),
	Vector3.new(4.00479126, 2.97049236, -17.3133163),
	Vector3.new(4.00479126, 2.87801743, -16.754694),
	Vector3.new(4.00479126, 2.96852016, -16.2011471),
	Vector3.new(4.00479126, 3.18220091, -15.7730131),
	Vector3.new(4.00479126, 3.4231472, -15.5010853),
	Vector3.new(4.00479126, 3.66478825, -15.3120146),
	Vector3.new(4.00479126, 4.08272505, -15.0979776),
	Vector3.new(4.00479126, 4.60698986, -15.0115881),
	Vector3.new(4.00479126, 5.14554262, -15.0926132),
	Vector3.new(4.00479126, 5.56009674, -15.2912798),
	Vector3.new(4.00479126, 5.83151722, -15.520689),
	Vector3.new(4.00479126, 6.04020548, -15.7873373),
	Vector3.new(4.00479126, 6.2552762, -16.2097397),
	Vector3.new(4.00479174, 6.33303308, -16.734087),
	Vector3.new(4.00479126, 6.2594595, -17.2838478),
	Vector3.new(4.00479126, 6.046731, -17.6939163),
	Vector3.new(4.00479126, 5.81691599, -17.975441),
	Vector3.new(4.00479126, 5.54570627, -18.2022839),
	Vector3.new(4.00479126, 5.12693739, -18.3869362),
	Vector3.new(4.00479126, 4.58794928, -18.4814358),
	Vector3.new(4.00479126, 4.55060434, -17.9720573),
	Vector3.new(4.00479126, 4.8382473, -17.9232388),
	Vector3.new(4.00479126, 5.17601395, -17.8209763),
	Vector3.new(4.00479126, 5.35745049, -17.6776543),
	Vector3.new(4.00479126, 5.57983398, -17.4568329),
	Vector3.new(4.00479126, 5.72788334, -17.1904964),
	Vector3.new(4.00479126, 5.81514263, -16.8237324),
	Vector3.new(4.00479126, 5.77710819, -16.4474468),
	Vector3.new(4.00479126, 5.60990524, -16.0418472),
	Vector3.new(4.00479126, 5.37038994, -15.8038969),
	Vector3.new(4.00479126, 5.08509493, -15.6518097),
	Vector3.new(4.00479126, 4.64469814, -15.5307331),
	Vector3.new(4.00479126, 4.35525608, -15.5841742),
	Vector3.new(4.00479126, 4.03340673, -15.7008295),
	Vector3.new(4.00479126, 3.81862044, -15.8876028),
	Vector3.new(4.00479126, 3.49331379, -16.2129612),
	Vector3.new(4.00479126, 3.44433832, -16.5164928),
	Vector3.new(4.00479126, 3.39924932, -16.778656),
	Vector3.new(4.00479126, 3.43013573, -17.067028),
	Vector3.new(4.00479126, 3.56223822, -17.3242054),
	Vector3.new(4.00479126, 3.79362822, -17.6537323),
	Vector3.new(4.00479126, 4.06992435, -17.8157463),
	Vector3.new(4.00479126, 4.50657845, -17.9620075),
	Vector3.new(4.00479126, 4.60735941, -18.4767838),
	Vector3.new(2.7547915, 4.63893414, -18.5209026),
	Vector3.new(2.7547915, 4.3795042, -18.4938564),
	Vector3.new(2.7547915, 4.38118696, -19.4807415),
	Vector3.new(-2.71055984, 4.405334, -19.508709),
	Vector3.new(-2.76126313, 4.33119011, -18.4785786),
	Vector3.new(-2.7452085, 4.60166931, -18.5046749),
	Vector3.new(-2.7465024, 5.15440369, -18.4118195),
	Vector3.new(-2.7452085, 5.57753563, -18.2074833),
	Vector3.new(-2.7452085, 5.83133602, -18.0144844),
	Vector3.new(-2.7452085, 6.0630331, -17.7261677),
	Vector3.new(-2.7452085, 6.274333, -17.2989635),
	Vector3.new(-2.76184344, 6.35533857, -16.7488728),
	Vector3.new(-2.74548078, 6.27131367, -16.2144337),
	Vector3.new(-2.74886417, 6.06112194, -15.7790031),
	Vector3.new(-2.76235723, 5.83056307, -15.5006552),
	Vector3.new(-2.74704027, 5.58288956, -15.2986698),
	Vector3.new(-2.7452085, 5.16897249, -15.0857811),
	Vector3.new(-2.7452085, 4.60323334, -14.9999714),
	Vector3.new(-2.76558256, 4.34125566, -15.0202255),
	Vector3.new(-2.74520826, 4.06586456, -15.0991316),
	Vector3.new(-2.74520826, 3.64056492, -15.3072109),
	Vector3.new(-2.74520826, 3.37574339, -15.5150366),
	Vector3.new(-2.74520826, 3.16746759, -15.7782497),
	Vector3.new(-2.74520826, 2.95811057, -16.2005978),
	Vector3.new(-2.74520826, 2.86263895, -16.7470741),
	Vector3.new(-2.74520826, 2.95643997, -17.3148365),
	Vector3.new(-2.74520826, 3.15421033, -17.7126732),
	Vector3.new(-2.74520826, 3.38016629, -17.9877167),
	Vector3.new(-2.74520826, 3.64851332, -18.2025299),
	Vector3.new(-2.74520826, 4.07114601, -18.3952732),
	Vector3.new(-2.74520826, 4.38550854, -18.4579372),
	Vector3.new(-3.99520826, 4.2358532, -18.449955),
	Vector3.new(-3.99520826, 4.05483627, -18.4070568),
	Vector3.new(-3.99520826, 3.6462245, -18.203474),
	Vector3.new(-3.99520826, 3.36906099, -17.9816895),
	Vector3.new(-3.99520826, 3.15823293, -17.7091274),
	Vector3.new(-3.99520826, 2.9605391, -17.2742119),
	Vector3.new(-3.99520826, 2.86984062, -16.7502861),
	Vector3.new(-3.99520826, 2.96310401, -16.2027874),
	Vector3.new(-3.99520826, 3.15303373, -15.78232),
	Vector3.new(-3.99520826, 3.39731216, -15.5036621),
	Vector3.new(-3.99520826, 3.67227292, -15.2979612),
	Vector3.new(-3.99520826, 4.06676006, -15.1083755),
	Vector3.new(-3.99520826, 4.59613895, -15.0290155),
	Vector3.new(-3.99520826, 5.15343237, -15.1042299),
	Vector3.new(-3.99520826, 5.57008839, -15.3064022),
	Vector3.new(-3.99520826, 5.85536432, -15.5488844),
	Vector3.new(-3.99520826, 6.05845594, -15.8199282),
	Vector3.new(-3.99520826, 6.2317791, -16.2017117),
	Vector3.new(-3.99520826, 6.34744549, -16.7599258),
	Vector3.new(-3.99520826, 6.2394886, -17.2724934),
	Vector3.new(-3.99520826, 6.03564215, -17.7201824),
	Vector3.new(-3.99520826, 5.79573822, -17.9708195),
	Vector3.new(-3.99520826, 5.57025194, -18.1728287),
	Vector3.new(-3.99520826, 5.14245987, -18.3977509),
	Vector3.new(-3.99520826, 4.60062695, -18.4864349),
	Vector3.new(-3.99520826, 4.27801752, -18.4437294),
	Vector3.new(-3.99520826, 4.5580616, -18.4746475),
	Vector3.new(-3.99520826, 4.57870007, -17.9572296),
	Vector3.new(-3.99520826, 4.8684597, -17.9402027),
	Vector3.new(-3.99520826, 5.15417385, -17.8299465),
	Vector3.new(-3.99520826, 5.39783478, -17.6309223),
	Vector3.new(-3.99520826, 5.60255337, -17.372797),
	Vector3.new(-3.99520826, 5.72968531, -17.0252781),
	Vector3.new(-3.99520826, 5.71869993, -16.6870213),
	Vector3.new(-3.99520826, 5.69622087, -16.2729797),
	Vector3.new(-3.99520826, 5.53201056, -16.0821438),
	Vector3.new(-3.99520826, 5.31973982, -15.8437634),
	Vector3.new(-3.99520826, 5.04813385, -15.6673203),
	Vector3.new(-3.99520826, 4.786273, -15.5926981),
	Vector3.new(-3.99520826, 4.52828979, -15.5645504),
	Vector3.new(-3.99520826, 4.27799082, -15.6532345),
	Vector3.new(-3.99520826, 4.01430416, -15.786026),
	Vector3.new(-3.99520826, 3.77144313, -15.9381409),
	Vector3.new(-3.99520826, 3.67751074, -16.1034966),
	Vector3.new(-3.99520826, 3.54629898, -16.3398018),
	Vector3.new(-3.99520826, 3.46343374, -16.5641575),
	Vector3.new(-3.99520826, 3.47988987, -16.8843288),
	Vector3.new(-3.99520826, 3.5602603, -17.1724205),
	Vector3.new(-3.99520826, 3.71260214, -17.4362545),
	Vector3.new(-3.99520826, 4.00377083, -17.6935921),
	Vector3.new(-3.99520826, 4.15333939, -17.7978516),
	Vector3.new(-3.99520826, 4.43735504, -17.8617668),
	Vector3.new(-3.99520826, 4.56486082, -17.9027462),
	Vector3.new(-3.99520826, 4.53635883, -18.488821),
	Vector3.new(-3.99520826, 4.25665522, -18.4448624),
	Vector3.new(-2.7452085, 4.37352324, -18.5353394),
	Vector3.new(-2.75776148, 4.34461164, -15.0197172),
	Vector3.new(-2.79049993, 4.40534306, -13.9845037),
	Vector3.new(-2.81482053, 4.44128942, -13.500185),
	Vector3.new(-2.7452085, 5.39982939, -13.4963112),
	Vector3.new(-4.23769474, 5.40533161, -13.4816494),
	Vector3.new(-4.21080208, 5.43877792, 10.4571781),
	Vector3.new(-2.7452085, 5.37961769, 10.5615406),
	Vector3.new(-2.74626112, 5.16900301, 10.5930767),
	Vector3.new(-2.7452085, 5.58525705, 10.7996826),
	Vector3.new(-2.7452085, 5.84126711, 11.0041008),
	Vector3.new(-2.7452085, 6.06305218, 11.2800388),
	Vector3.new(-2.7452085, 6.26801109, 11.6894913),
	Vector3.new(-2.7452085, 6.36116123, 12.254961),
	Vector3.new(-2.7452085, 6.27442503, 12.8012695),
	Vector3.new(-2.75235987, 6.05757856, 13.2262878),
	Vector3.new(-2.75759554, 5.846591, 13.4834251),
	Vector3.new(-2.7452085, 5.5799284, 13.7035503),
	Vector3.new(-2.7452085, 5.16350174, 13.9145279),
	Vector3.new(-2.78167391, 4.62473583, 13.9997082),
	Vector3.new(-2.74571848, 4.33890724, 13.979414),
	Vector3.new(-2.74520826, 4.04812765, 13.8997841),
	Vector3.new(-2.74520826, 3.64699221, 13.6992188),
	Vector3.new(-2.74520826, 3.37816, 13.4812336),
	Vector3.new(-2.74520826, 3.15378618, 13.2239017),
	Vector3.new(-2.74520826, 2.95803618, 12.8031425),
	Vector3.new(-2.74520826, 2.86451149, 12.2399635),
	Vector3.new(-2.74520826, 2.96477485, 11.6942654),
	Vector3.new(-2.74520826, 3.16410017, 11.2782898),
	Vector3.new(-2.74520826, 3.37477541, 11.0145454),
	Vector3.new(-2.74520826, 3.62074685, 10.8222866),
	Vector3.new(-2.74520826, 4.07596445, 10.590395),
	Vector3.new(-2.74520826, 4.35378504, 10.5636158),
	Vector3.new(-2.75302792, 4.62474585, 10.4999237),
	Vector3.new(-2.75528979, 5.06205034, 10.560461),
	Vector3.new(-2.76736355, 4.62484455, 10.4999237),
	Vector3.new(-2.7452085, 4.37696409, 10.5051022),
	Vector3.new(-2.74520826, 4.32046747, 13.9646244),
	Vector3.new(-2.7946229, 4.57300282, 13.9995155),
	Vector3.new(-2.77776957, 5.17347383, 13.9050255),
	Vector3.new(-3.99161386, 5.15248299, 13.9120827),
	Vector3.new(-3.99520826, 4.59078741, 13.9936237),
	Vector3.new(-3.99520826, 4.04580975, 13.9030075),
	Vector3.new(-3.99520826, 3.62028646, 13.6887283),
	Vector3.new(-3.99520826, 3.20688987, 13.2558327),
	Vector3.new(-3.99520826, 2.96271825, 12.7913609),
	Vector3.new(-3.99520826, 2.87081432, 12.2508202),
	Vector3.new(-3.99520826, 2.95973158, 11.7041817),
	Vector3.new(-3.99520826, 3.17079163, 11.2951946),
	Vector3.new(-3.99520826, 3.41161108, 11.0126572),
	Vector3.new(-3.99520826, 3.70420933, 10.7574654),
	Vector3.new(-3.99520826, 4.03878498, 10.6053886),
	Vector3.new(-3.99520826, 4.60207415, 10.5199127),
	Vector3.new(-3.99520826, 5.14998341, 10.605545),
	Vector3.new(-3.99520826, 5.56062126, 10.8119373),
	Vector3.new(-3.99520826, 5.84071589, 11.0282574),
	Vector3.new(-3.99520826, 6.04099178, 11.2984676),
	Vector3.new(-3.99520826, 6.25075102, 11.7136555),
	Vector3.new(-3.99520826, 6.34329128, 12.2264194),
	Vector3.new(-3.99520826, 6.26340199, 12.7777061),
	Vector3.new(-3.99520826, 6.05801964, 13.2050858),
	Vector3.new(-3.99520826, 5.83062744, 13.4919415),
	Vector3.new(-3.99520826, 5.54806614, 13.6843185),
	Vector3.new(-3.99520826, 5.1689086, 13.8824177),
	Vector3.new(-3.99520826, 4.57861662, 13.9739666),
	Vector3.new(-3.99520826, 4.55506754, 13.4180069),
	Vector3.new(-3.99520826, 4.85047007, 13.3797493),
	Vector3.new(-3.99520826, 5.15255022, 13.2447395),
	Vector3.new(-3.99520826, 5.37387562, 13.0752296),
	Vector3.new(-3.99520826, 5.58433199, 12.8091393),
	Vector3.new(-3.99520826, 5.70701408, 12.4399738),
	Vector3.new(-3.99520826, 5.76840878, 12.1126785),
	Vector3.new(-3.99520826, 5.65179777, 11.7859001),
	Vector3.new(-3.99520826, 5.43326187, 11.4207191),
	Vector3.new(-3.99520826, 5.06353569, 11.176096),
	Vector3.new(-3.99520826, 4.66339207, 11.0937042),
	Vector3.new(-3.99520826, 4.24657774, 11.1264381),
	Vector3.new(-3.99520779, 3.95859838, 11.3056183),
	Vector3.new(-3.99520826, 3.68453693, 11.5807114),
	Vector3.new(-3.99520826, 3.53772736, 11.9337368),
	Vector3.new(-3.99520874, 3.49072385, 12.3195114),
	Vector3.new(-3.99520826, 3.55308485, 12.6559277),
	Vector3.new(-3.99520826, 3.75707245, 12.9943581),
	Vector3.new(-3.99520779, 4.01256371, 13.2234287),
	Vector3.new(-3.99520874, 4.36582422, 13.3569088),
	Vector3.new(-3.99520779, 4.57762527, 13.4242458),
	Vector3.new(-3.99520826, 4.6079545, 13.9411411),
	Vector3.new(-3.99520874, 5.11663342, 13.8578167),
	Vector3.new(-2.76846719, 5.18108988, 13.9023914),
	Vector3.new(-2.7452085, 5.39115524, 14.0315762),
	Vector3.new(-4.22593546, 5.40533447, 14.068203),
	Vector3.new(-4.24520779, 5.74685955, 13.922575),
	Vector3.new(-4.24520779, 5.97312975, 13.7214298),
	Vector3.new(-4.24520779, 6.33255053, 13.394846),
	Vector3.new(-4.24520779, 6.55027151, 12.9052238),
	Vector3.new(-4.24520874, 6.64775038, 12.259531),
	Vector3.new(-4.24520874, 6.51206207, 11.6224861),
	Vector3.new(-4.24520826, 6.27663136, 11.08498),
	Vector3.new(-4.24520826, 5.73992729, 10.5487003),
	Vector3.new(-4.24520826, 5.41764641, 10.42342),
	Vector3.new(-4.24520826, 5.40376139, -13.5186138),
	Vector3.new(-4.24520826, 4.43152189, -13.5019627),
	Vector3.new(-4.24520874, 4.44039106, -14.7424765),
	Vector3.new(-4.24520779, 5.25927782, -14.8561249),
	Vector3.new(-4.24520779, 5.69881153, -15.0494576),
	Vector3.new(-4.24520826, 6.03224564, -15.2859802),
	Vector3.new(-4.24520826, 6.29675436, -15.6262016),
	Vector3.new(-4.24520779, 6.53229713, -16.1018944),
	Vector3.new(-4.24520874, 6.62702084, -16.7145233),
	Vector3.new(-4.24520874, 6.52529526, -17.4026642),
	Vector3.new(-4.24520874, 6.31144094, -17.8764725),
	Vector3.new(-4.24520826, 6.04466438, -18.2026253),
	Vector3.new(-4.24520779, 5.70399666, -18.4655266),
	Vector3.new(-4.24520826, 5.19168091, -18.6730537),
	Vector3.new(-4.24520826, 4.57891941, -18.7801189),
	Vector3.new(-4.24520826, 4.46367884, -18.7966347),
	Vector3.new(-4.24520826, 4.43040609, -19.498764),
	Vector3.new(-4.24520826, 5.66810179, -19.4811649),
	Vector3.new(-4.25163746, 5.655334, -20.4466019),
	Vector3.new(-2.5165329, 5.69155264, -20.500185),
	Vector3.new(-2.47924018, 8.66120243, -20.500185),
	Vector3.new(2.5081079, 8.66666031, -20.500185),
	Vector3.new(2.50556254, 8.41167545, -20.500185),
	Vector3.new(-2.4952085, 8.41451073, -20.4308319),
	Vector3.new(-2.45574021, 8.16152763, -20.500185),
	Vector3.new(2.51021576, 8.15708447, -20.500185),
	Vector3.new(2.53121829, 7.89155149, -20.500185),
	Vector3.new(-2.4952085, 7.90785456, -20.4206886),
	Vector3.new(-2.44706583, 7.67565203, -20.500185),
	Vector3.new(2.50252438, 7.66474628, -20.500185),
	Vector3.new(2.51113129, 7.39042187, -20.500185),
	Vector3.new(-2.46335673, 7.40288639, -20.500185),
	Vector3.new(-2.47253585, 7.16892099, -20.500185),
	Vector3.new(2.50710678, 7.16325378, -20.500185),
	Vector3.new(2.51256514, 6.90218878, -20.500185),
	Vector3.new(-2.50571918, 6.9058547, -20.500185),
	Vector3.new(-2.4952085, 6.64597559, -20.4847984),
	Vector3.new(2.50464988, 6.6793828, -20.500185),
	Vector3.new(2.51547241, 6.40923166, -20.500185),
	Vector3.new(-2.51780581, 6.3837285, -20.500185),
	Vector3.new(-2.51575136, 6.17566872, -20.500185),
	Vector3.new(2.5083766, 6.16221046, -20.500185),
	Vector3.new(2.51252985, 5.90684938, -20.500185),
	Vector3.new(-2.51538157, 5.92008495, -20.500185),
	Vector3.new(-2.51646757, 5.68915796, -20.500185),
	Vector3.new(2.52620196, 5.66750717, -20.500185),
	Vector3.new(2.52034569, 8.63810921, -20.500185)
}
