--letter g



return {
	Vector3.new(0, 0, 0),
	Vector3.new(0, -1.56623077, 0.385528564),
	Vector3.new(0, -1.76157379, 0.690803528),
	Vector3.new(0, -1.8394165, 1.05354309),
	Vector3.new(0, -1.73121643, 1.46485138),
	Vector3.new(0, -1.54929352, 1.71938324),
	Vector3.new(0, -1.200737, 1.89805603),
	Vector3.new(0, -0.725654602, 1.98616028),
	Vector3.new(0, -0.0204086304, 1.9577179),
	Vector3.new(0, 0.749351501, 1.76700592),
	Vector3.new(0, 1.42031097, 1.45328522),
	Vector3.new(0, 1.89170074, 1.09390259),
	Vector3.new(0, 2.19696808, 0.672233582),
	Vector3.new(0, 2.38232422, 0.253074646),
	Vector3.new(0, 2.34104919, -0.13318634),
	Vector3.new(0, 2.07181549, -0.340156555),
	Vector3.new(0, 1.68513489, -0.398468018),
	Vector3.new(0, 1.43263245, -0.306640625),
	Vector3.new(0, 1.21656799, -0.223510742),
	Vector3.new(0, 1.11539459, -0.0167312622),
	Vector3.new(0, 0.93056488, -0.328353882),
	Vector3.new(0, 0.916969299, -0.664199829),
	Vector3.new(0, 1.026474, -0.931236267),
	Vector3.new(0, 1.23697662, -1.1158371),
	Vector3.new(-0.000610351563, 1.63786316, -1.19491577),
	Vector3.new(0, 2.00791931, -1.12940216),
	Vector3.new(0, 2.32826996, -0.89214325),
	Vector3.new(0, 2.57063293, -0.574905396),
	Vector3.new(0, 2.68078613, -0.220748901),
	Vector3.new(-0.000610351563, 2.76226807, 0.258605957),
	Vector3.new(0, 2.74356079, 0.774681091),
	Vector3.new(0, 2.62129974, 1.33526611),
	Vector3.new(0, 2.38656616, 1.83951569),
	Vector3.new(0, 1.98343658, 2.3001709),
	Vector3.new(0, 1.42282867, 2.69142151),
	Vector3.new(0, 0.703208923, 3.03749847),
	Vector3.new(0, -0.0557479858, 3.20402527),
	Vector3.new(0, -0.705726624, 3.23709106),
	Vector3.new(0, -1.42643738, 3.09545898),
	Vector3.new(0, -2.01252747, 2.7567215),
	Vector3.new(0, -2.33193207, 2.26663971),
	Vector3.new(0, -2.51119232, 1.74957275),
	Vector3.new(0, -2.490242, 1.20793152),
	Vector3.new(0, -2.24266052, 0.530708313),
	Vector3.new(0, -4.05189514, 0.931503296),
	Vector3.new(0, -4.50630951, 1.15747833),
	Vector3.new(0, -4.65104675, 1.48804474),
	Vector3.new(0, -4.60559082, 1.85468292),
	Vector3.new(0, -4.33088684, 2.0825119),
	Vector3.new(0, -3.87782288, 2.11779785),
	Vector3.new(0, -3.57743835, 1.83721924),
	Vector3.new(0, -3.48644257, 1.52243042),
	Vector3.new(0, -3.6725769, 1.10460663),
	Vector3.new(0, -3.16816711, 1.06936646),
	Vector3.new(0, -2.87464905, 1.3302002),
	Vector3.new(0, -2.82696533, 1.8898468),
	Vector3.new(0, -3.02416992, 2.41757202),
	Vector3.new(0, -3.42406464, 2.6936264),
	Vector3.new(0, -4.00623322, 2.81729126),
	Vector3.new(0, -4.51702881, 2.73615265),
	Vector3.new(0, -4.89737701, 2.34435272),
	Vector3.new(0, -5.06478119, 1.81840515),
	Vector3.new(0, -5.02703094, 1.28269958),
	Vector3.new(0, -4.85068512, 0.660926819),
	Vector3.new(0, -4.51184082, 0.238578796),
	Vector3.new(0, -3.99531555, -0.0794830322),
	Vector3.new(0, 0.0100784302, -1.07658386),
	Vector3.new(0, 0.0105819702, -0.0586395264)
}
