--letter h

return {
	Vector3.new(0, 0, 0),
	Vector3.new(0, 5.5401535, -1.18670654),
	Vector3.new(0, 5.3143692, -0.738510132),
	Vector3.new(0, 4.77500916, -0.257095337),
	Vector3.new(0, 3.94655609, -0.0330429077),
	Vector3.new(0, 3.46379852, -0.0298233032),
	Vector3.new(0, 3.1608429, -0.155426025),
	Vector3.new(0, 3.22309113, 0.234855652),
	Vector3.new(0, 3.44064331, 0.585929871),
	Vector3.new(-0.000610351563, 3.90914154, 0.741195679),
	Vector3.new(0, 4.41214752, 0.684844971),
	Vector3.new(0, 4.98482513, 0.379241943),
	Vector3.new(0, 5.4304657, -0.0970306396),
	Vector3.new(0, 5.96389771, -1.00855255),
	Vector3.new(0, 6.12191772, -1.70182037),
	Vector3.new(0, 6.10908508, -2.420784),
	Vector3.new(0, 3.61711884, -1.93689728),
	Vector3.new(0, 3.7205658, -2.42475891),
	Vector3.new(0, 3.7467804, -2.9053421),
	Vector3.new(0, 6.11631775, -3.45521545),
	Vector3.new(0, 6.09326935, -4.61701965),
	Vector3.new(-0.000610351563, -0.0271148682, -3.32139587),
	Vector3.new(0, -0.00647735596, -2.15014648),
	Vector3.new(0, 3.0211792, -2.77877808),
	Vector3.new(0, 3.11717224, -2.38458252),
	Vector3.new(0, 3.06705475, -1.84175873),
	Vector3.new(-0.000610351563, -0.0190505981, -1.13169098),
	Vector3.new(0, 0.0198669434, -0.0560073853)
}
