--letter I

return {
	Vector3.new(0, 0, 0),
	Vector3.new(0, 5.50471497, -1.17541504),
	Vector3.new(0, 5.2927475, -0.747261047),
	Vector3.new(0, 4.73292542, -0.234107971),
	Vector3.new(0, 3.9154129, 0.0195999146),
	Vector3.new(0, 3.51094818, 0.00849914551),
	Vector3.new(0, 3.2121582, -0.122680664),
	Vector3.new(0, 3.22877502, 0.239181519),
	Vector3.new(0, 3.42107391, 0.607650757),
	Vector3.new(0, 3.81427002, 0.761253357),
	Vector3.new(0, 4.38955688, 0.694702148),
	Vector3.new(0, 4.94042206, 0.38407135),
	Vector3.new(0, 5.3681488, -0.0358352661),
	Vector3.new(0, 5.87299347, -0.889038086),
	Vector3.new(0, 6.11068726, -1.83110046),
	Vector3.new(0, 6.07778931, -2.43048096),
	Vector3.new(0, -0.0331039429, -1.14966583),
	Vector3.new(0, -0.0274276733, -0.0576400757)
}
