--letter j


return {
	Vector3.new(0, 0, 0),
	Vector3.new(0, 0.181861877, 0.318733215),
	Vector3.new(0, 0.152069092, 0.669029236),
	Vector3.new(0, -0.0602493286, 0.884101868),
	Vector3.new(0, -0.395744324, 0.993652344),
	Vector3.new(0, -0.702011108, 0.949699402),
	Vector3.new(0, -0.931877136, 0.735809326),
	Vector3.new(0, -0.96131897, 0.367492676),
	Vector3.new(0, -0.853034973, 0.10710144),
	Vector3.new(0, -0.45526123, -0.212867737),
	Vector3.new(0, 5.84521484, -1.59352875),
	Vector3.new(0, 5.67288971, -1.22206879),
	Vector3.new(0, 5.28926086, -0.764732361),
	Vector3.new(0, 4.72829437, -0.532836914),
	Vector3.new(0, 4.09337616, -0.422966003),
	Vector3.new(0, 3.75240326, -0.469367981),
	Vector3.new(0, 3.5425415, -0.568405151),
	Vector3.new(0, 3.54935455, -0.219024658),
	Vector3.new(0, 3.68090057, 0.118499756),
	Vector3.new(0, 4.04788971, 0.287086487),
	Vector3.new(0, 4.48403168, 0.289970398),
	Vector3.new(0, 5.06866455, 0.109642029),
	Vector3.new(0, 5.56147766, -0.270088196),
	Vector3.new(0, 6.0368042, -0.992340088),
	Vector3.new(0, 6.31467438, -1.76161957),
	Vector3.new(-0.000610351563, 6.45838165, -2.4192276),
	Vector3.new(-0.000610351563, 6.46508789, -2.87876129),
	Vector3.new(0, 0.184997559, -1.5819931),
	Vector3.new(0, -0.546730042, -1.27196503),
	Vector3.new(0, -1.05519867, -0.815444946),
	Vector3.new(0, -1.30764771, -0.330558777),
	Vector3.new(0, -1.38736725, 0.373535156),
	Vector3.new(0, -1.29666138, 0.974754333),
	Vector3.new(0, -1.03916931, 1.40795898),
	Vector3.new(0, -0.547218323, 1.63069916),
	Vector3.new(0, 0.0468978882, 1.64060974),
	Vector3.new(0, 0.497215271, 1.41855621),
	Vector3.new(0, 0.800270081, 0.972724915),
	Vector3.new(0, 0.849647522, 0.393630981),
	Vector3.new(0, 0.62726593, 0.0357513428),
	Vector3.new(0, 0.36076355, -0.092918396),
	Vector3.new(0, -0.0157546997, -0.0371627808)
}
