--letter K

return {
	Vector3.new(0, 0, 0),
	Vector3.new(0, 5.53590393, -1.20245361),
	Vector3.new(0, 5.2751236, -0.662254333),
	Vector3.new(0, 4.89533997, -0.324020386),
	Vector3.new(0, 4.44472504, -0.115219116),
	Vector3.new(0, 3.88178253, -0.0107955933),
	Vector3.new(0, 3.51235962, -0.0260772705),
	Vector3.new(0, 3.21024323, -0.160163879),
	Vector3.new(0, 3.25704956, 0.231338501),
	Vector3.new(0, 3.52763367, 0.560829163),
	Vector3.new(0, 3.91740417, 0.710449219),
	Vector3.new(0, 4.44387817, 0.613548279),
	Vector3.new(0, 4.97090912, 0.314567566),
	Vector3.new(0, 5.38497925, -0.105865479),
	Vector3.new(0, 5.7988739, -0.707839966),
	Vector3.new(0, 6.02075958, -1.33467865),
	Vector3.new(-0.000610351563, 6.17573547, -2.01953888),
	Vector3.new(-0.000610351563, 6.15982819, -2.49520874),
	Vector3.new(0, 3.66284943, -1.95426178),
	Vector3.new(0, 6.07236481, -3.80857086),
	Vector3.new(0, 6.07272339, -4.66462708),
	Vector3.new(0, 3.50910187, -2.44624329),
	Vector3.new(0, 3.48635864, -2.89321899),
	Vector3.new(0, 3.32575226, -3.27545929),
	Vector3.new(0, 3.03810883, -3.61362457),
	Vector3.new(0, 2.65618896, -3.67663574),
	Vector3.new(0, 2.10801697, -3.68295288),
	Vector3.new(0, 0.782241821, -3.36885071),
	Vector3.new(0, 0.418174744, -3.29152679),
	Vector3.new(0, 0.249855042, -3.34091949),
	Vector3.new(0, 0.00451660156, -3.60502625),
	Vector3.new(0, -0.11428833, -3.26445007),
	Vector3.new(0, -0.143280029, -2.69271851),
	Vector3.new(0, -0.0212783813, -2.32209015),
	Vector3.new(0, 0.353767395, -2.18245697),
	Vector3.new(0, 0.872940063, -2.22750092),
	Vector3.new(0, 2.13256836, -2.55419922),
	Vector3.new(0, 2.66991425, -2.64305115),
	Vector3.new(0, 2.98548889, -2.45561218),
	Vector3.new(0, 3.13466644, -2.16364288),
	Vector3.new(0, 3.12858582, -1.84460449),
	Vector3.new(0, 0.00677490234, -1.18840027),
	Vector3.new(0, 0.0129699707, -0.0632019043)
}
