--letter L

return {
	Vector3.new(0, 0, 0),
	Vector3.new(0, 5.65751648, -1.212883),
	Vector3.new(0, 5.51435852, -0.762741089),
	Vector3.new(0, 5.10045624, -0.403869629),
	Vector3.new(0, 4.67494202, -0.225090027),
	Vector3.new(0, 4.13337708, -0.0619735718),
	Vector3.new(0, 3.67508698, -0.0592498779),
	Vector3.new(0, 3.37680817, -0.198867798),
	Vector3.new(0, 3.40379333, 0.195579529),
	Vector3.new(0, 3.63418579, 0.539489746),
	Vector3.new(0, 4.01842499, 0.690826416),
	Vector3.new(0, 4.58886719, 0.661727905),
	Vector3.new(0, 5.15052795, 0.302558899),
	Vector3.new(0, 5.71069336, -0.292800903),
	Vector3.new(0, 6.03900146, -0.882133484),
	Vector3.new(0, 6.22866821, -1.56399536),
	Vector3.new(-0.000610351563, 6.32128143, -2.14653778),
	Vector3.new(-0.000610351563, 6.30575562, -2.52890015),
	Vector3.new(0, 0.369163513, -1.24720764),
	Vector3.new(0, 0.261131287, -1.67388153),
	Vector3.new(0, -0.232368469, -2.62115479),
	Vector3.new(0, -0.565338135, -3.42009735),
	Vector3.new(0, -0.654708862, -3.96543884),
	Vector3.new(0, -0.569374084, -4.67240906),
	Vector3.new(0, -0.950393677, -4.62347412),
	Vector3.new(0, -1.47274017, -4.40395355),
	Vector3.new(0, -1.80472565, -4.06212616),
	Vector3.new(0, -1.77357483, -3.4283905),
	Vector3.new(0, -1.47254944, -2.86339569),
	Vector3.new(0, -0.855636597, -2.05402374),
	Vector3.new(0, -0.306503296, -1.2874527),
	Vector3.new(0, -0.0524978638, -0.788825989),
	Vector3.new(0, -0.0104904175, 0.00276947021)
}
