--letter M


return {
	Vector3.new(0, 0, 0),
	Vector3.new(0, 5.60478973, -1.84555817),
	Vector3.new(0, 5.41345978, -1.3519516),
	Vector3.new(0, 4.99383545, -0.925209045),
	Vector3.new(0, 4.52873993, -0.69026947),
	Vector3.new(0, 3.92705536, -0.517478943),
	Vector3.new(0, 3.46685791, -0.533287048),
	Vector3.new(0, 3.22296143, -0.645584106),
	Vector3.new(0, 3.23565674, -0.293930054),
	Vector3.new(0, 3.45191956, 0.0611877441),
	Vector3.new(0, 3.84810638, 0.207771301),
	Vector3.new(0, 4.51580048, 0.159202576),
	Vector3.new(0, 5.13292694, -0.2448349),
	Vector3.new(0, 5.56143188, -0.70500946),
	Vector3.new(0, 5.83323669, -1.2853775),
	Vector3.new(0, 6.04323578, -1.99250031),
	Vector3.new(0, 6.08695984, -2.69787598),
	Vector3.new(0, 6.0457077, -2.97149658),
	Vector3.new(0, 1.34083557, -2.99367523),
	Vector3.new(0, 5.97039032, -4.75494385),
	Vector3.new(0, 5.97889709, -6.05111694),
	Vector3.new(-0.000610351563, -0.041343689, -4.81816864),
	Vector3.new(-0.000610351563, -0.0456466675, -3.61883545),
	Vector3.new(0, 3.80403137, -4.43245697),
	Vector3.new(-0.000610351563, -0.021812439, -2.87686157),
	Vector3.new(-0.000610351563, -0.0517425537, -1.76531982),
	Vector3.new(0, 3.41996765, -1.75363159),
	Vector3.new(0, -0.00635528564, -0.619155884),
	Vector3.new(0, -0.0209350586, -0.0572814941)
}
