-- letter N


return {
	Vector3.new(0, 0, 0),
	Vector3.new(0, 5.51159668, -1.17468262),
	Vector3.new(0, 5.34593964, -0.786453247),
	Vector3.new(0, 5.0131073, -0.449523926),
	Vector3.new(0, 4.63943481, -0.214256287),
	Vector3.new(0, 3.95975494, -0.061882019),
	Vector3.new(0, 3.59080505, -0.064201355),
	Vector3.new(0, 3.2183075, -0.176429749),
	Vector3.new(0, 3.24649811, 0.152374268),
	Vector3.new(0, 3.42476654, 0.572761536),
	Vector3.new(0, 3.85861206, 0.71030426),
	Vector3.new(0, 4.36593628, 0.694786072),
	Vector3.new(0, 4.94506073, 0.350250244),
	Vector3.new(0, 5.39334106, -0.0706558228),
	Vector3.new(0, 5.82286835, -0.793708801),
	Vector3.new(0, 6.04103851, -1.3539505),
	Vector3.new(-0.000610351563, 6.15467072, -2.18037415),
	Vector3.new(0, 6.03266144, -2.61414337),
	Vector3.new(0, 5.59779358, -2.83180237),
	Vector3.new(0, 5.19944763, -2.90679932),
	Vector3.new(0, 2.25302887, -2.81314087),
	Vector3.new(0, 1.23794556, -2.86148071),
	Vector3.new(0, 1.05539703, -2.94145966),
	Vector3.new(0, 6.07413483, -4.01831818),
	Vector3.new(0, 6.07974243, -5.1625824),
	Vector3.new(-0.000610351563, -0.0275802612, -3.86171722),
	Vector3.new(-0.000610351563, -0.0375289917, -2.56374359),
	Vector3.new(0, 0.298164368, -2.34103394),
	Vector3.new(0, 1.33084106, -2.21104431),
	Vector3.new(0, 4.91439056, -2.2392807),
	Vector3.new(-0.000610351563, -0.0290908813, -1.17256927),
	Vector3.new(0, -0.0233688354, -0.084526062)
}
