--letter O

return {
	Vector3.new(0, 0, 0),
	Vector3.new(0, 0.0418395996, 0.325195313),
	Vector3.new(0, 0.249023438, 0.674690247),
	Vector3.new(0, 0.715209961, 0.866523743),
	Vector3.new(0, 1.26168823, 0.783187866),
	Vector3.new(0, 1.75723267, 0.49433136),
	Vector3.new(0, 2.22207642, 0.0649108887),
	Vector3.new(0, 2.6140213, -0.518302917),
	Vector3.new(0, 2.82209015, -1.11495209),
	Vector3.new(0, 2.93431091, -1.78064728),
	Vector3.new(0, 2.92640686, -2.57294464),
	Vector3.new(0, 2.7713089, -3.1280899),
	Vector3.new(0, 2.44641113, -3.65026855),
	Vector3.new(0, 2.00167847, -3.99208832),
	Vector3.new(0, 1.50338745, -4.19033813),
	Vector3.new(-0.000610351563, 0.681732178, -4.27527618),
	Vector3.new(0, -0.228813171, -4.19995117),
	Vector3.new(0, -1.12620544, -3.95835876),
	Vector3.new(0, -1.9665451, -3.5803299),
	Vector3.new(0, -2.4699707, -3.20545197),
	Vector3.new(0, -2.90752411, -2.77288818),
	Vector3.new(0, -3.1640625, -2.35233307),
	Vector3.new(0, -3.25520325, -1.85149384),
	Vector3.new(0, -3.22290802, -1.31736755),
	Vector3.new(0, -3.03574371, -0.863487244),
	Vector3.new(0, -2.62871552, -0.436782837),
	Vector3.new(0, -2.14561462, -0.211227417),
	Vector3.new(0, -1.497612, -0.12928009),
	Vector3.new(0, -0.495071411, -0.191818237),
	Vector3.new(0, 0.372512817, -0.374755859),
	Vector3.new(0, 0.908958435, -0.555030823),
	Vector3.new(0, 1.56629181, -0.863128662),
	Vector3.new(0, 1.97442627, -1.20969391),
	Vector3.new(0, 2.21798706, -1.66586304),
	Vector3.new(0, 2.26772308, -1.99758911),
	Vector3.new(0, 2.19067383, -2.25016785),
	Vector3.new(0, 1.42424774, -1.79828644),
	Vector3.new(0, 0.553688049, -1.4848938),
	Vector3.new(0, -0.847686768, -1.18390656),
	Vector3.new(0, -1.65118408, -1.16854095),
	Vector3.new(0, -2.3661499, -1.38100433),
	Vector3.new(0, -2.58570099, -1.72463226),
	Vector3.new(0, -2.50432587, -2.13285828),
	Vector3.new(0, -2.2049942, -2.42416382),
	Vector3.new(0, -1.59210968, -2.75904083),
	Vector3.new(0, -0.804420471, -3.05570221),
	Vector3.new(0, 0.231941223, -3.29595947),
	Vector3.new(0, 1.47275543, -3.28928375),
	Vector3.new(0, 2.02116394, -3.12094116),
	Vector3.new(0, 2.39368439, -2.79924011),
	Vector3.new(0, 2.56238556, -2.24651337),
	Vector3.new(0, 2.56058502, -1.60322571),
	Vector3.new(0, 2.34279633, -0.992530823),
	Vector3.new(0, 2.01628113, -0.490081787),
	Vector3.new(0, 1.56378174, -0.14188385),
	Vector3.new(0, 1.01390839, 0.0516967773),
	Vector3.new(0, 0.522926331, 0.0878295898),
	Vector3.new(0, 0.0117797852, -0.0188064575)
}
