--letter P

return {
	Vector3.new(0, 0, 0),
	Vector3.new(0.000610351563, 5.19890594, -1.09244537),
	Vector3.new(0.000610351563, 5.40146637, -2.27783203),
	Vector3.new(0.000610351563, 2.70223236, -1.75160217),
	Vector3.new(0.000610351563, 2.83599091, -2.2221756),
	Vector3.new(0.000610351563, 3.11360168, -2.58402252),
	Vector3.new(0.000610351563, 3.57620239, -2.90551758),
	Vector3.new(0.000610351563, 4.10469055, -3.09687805),
	Vector3.new(0.000610351563, 4.65826416, -3.17983246),
	Vector3.new(0.000610351563, 5.16455841, -3.08067322),
	Vector3.new(0.000610351563, 5.54148865, -2.83410645),
	Vector3.new(0.000610351563, 5.72828674, -2.46190643),
	Vector3.new(0.000610351563, 5.79203796, -1.99961853),
	Vector3.new(0.000610351563, 5.73201752, -1.40927124),
	Vector3.new(0.000610351563, 5.48589325, -0.899597168),
	Vector3.new(0.000610351563, 5.1004715, -0.46434021),
	Vector3.new(0.000610351563, 4.56829834, -0.192298889),
	Vector3.new(0.000610351563, 3.99914551, -0.0301132202),
	Vector3.new(0.000610351563, 3.5249939, -0.0166702271),
	Vector3.new(0.000610351563, 3.24929047, -0.139328003),
	Vector3.new(0.000610351563, 3.2726593, 0.136360168),
	Vector3.new(0.000610351563, 3.42301941, 0.498413086),
	Vector3.new(0.000610351563, 3.81035614, 0.715858459),
	Vector3.new(0.000610351563, 4.40612793, 0.672279358),
	Vector3.new(0.000610351563, 4.92395782, 0.469512939),
	Vector3.new(0.000610351563, 5.43676758, -0.0105285645),
	Vector3.new(0.000610351563, 5.83683014, -0.668441772),
	Vector3.new(0.000610351563, 6.09701538, -1.41564178),
	Vector3.new(0, 6.18798828, -2.06369019),
	Vector3.new(0.000610351563, 6.0927887, -2.77546692),
	Vector3.new(0.000610351563, 5.79641724, -3.43935776),
	Vector3.new(0.000610351563, 5.32878113, -3.8705368),
	Vector3.new(0.000610351563, 4.74028015, -4.04553604),
	Vector3.new(0.000610351563, 4.20793152, -4.02778244),
	Vector3.new(0.000610351563, 3.63845825, -3.81825256),
	Vector3.new(0.000610351563, 3.18235016, -3.52960587),
	Vector3.new(0.000610351563, 2.75765228, -3.08893585),
	Vector3.new(0.000610351563, 2.49901581, -2.59069061),
	Vector3.new(0.000610351563, 2.38300323, -2.10584259),
	Vector3.new(0.000610351563, 2.34140778, -1.68144226),
	Vector3.new(0, -0.038734436, -1.19321442),
	Vector3.new(0, -0.0303115845, -0.0444412231)
}
