return {
	Vector3.new(-9.47333431, 0.083820343, 0),
	Vector3.new(7.33099556, 0.0646476746, 0),
	Vector3.new(7.3486557, 1.57420731, 0),
	Vector3.new(7.39212227, 2.38190842, 0),
	Vector3.new(7.67034817, 3.1054554, 0),
	Vector3.new(7.97337914, 3.83067894, 0),
	Vector3.new(7.93491459, 4.01492405, 0),
	Vector3.new(7.69622517, 4.03223991, 0),
	Vector3.new(7.35317326, 3.99625683, 0),
	Vector3.new(6.94570923, 3.82093525, 0),
	Vector3.new(6.70547771, 3.71485424, 0),
	Vector3.new(6.17327499, 3.64090443, 0),
	Vector3.new(5.87339306, 3.76785278, 0),
	Vector3.new(5.53388214, 4.00931358, 0),
	Vector3.new(5.28184986, 4.23905468, 0),
	Vector3.new(5.00929928, 4.39430141, 0),
	Vector3.new(4.56501293, 4.41534519, 0),
	Vector3.new(4.2785902, 4.59615612, 0),
	Vector3.new(3.92350578, 5.05224991, 0),
	Vector3.new(3.76189995, 5.42607498, 0),
	Vector3.new(3.70396805, 5.72689724, 0),
	Vector3.new(3.92350578, 6.03610039, 0),
	Vector3.new(4.42363167, 6.15598679, 0),
	Vector3.new(4.72476768, 6.23433208, 0),
	Vector3.new(4.69465923, 4.93435192, 0),
	Vector3.new(4.65227699, 4.63946915, 0),
	Vector3.new(4.6005125, 4.42857838, 0),
	Vector3.new(4.2785902, 4.59615612, 0),
	Vector3.new(3.92350578, 5.08177376, 0),
	Vector3.new(3.73873043, 5.42675018, 0),
	Vector3.new(3.68067551, 5.70369911, 0),
	Vector3.new(3.53887081, 4.70479393, 0),
	Vector3.new(3.41759872, 4.29690742, 0),
	Vector3.new(3.41203499, 3.81132221, 0),
	Vector3.new(3.39340687, 3.66149616, 0),
	Vector3.new(4.36664772, 3.24571609, 0),
	Vector3.new(4.02527523, 2.26198578, 0),
	Vector3.new(3.0740633, 2.44744301, 0),
	Vector3.new(0.900969505, 3.32691479, 0),
	Vector3.new(-0.534470558, 3.95562744, 0),
	Vector3.new(-1.49715757, 4.46641541, 0),
	Vector3.new(-2.58166981, 5.1949501, 0),
	Vector3.new(-3.20114374, 5.7831955, 0),
	Vector3.new(-3.77024174, 6.35799694, 0),
	Vector3.new(-4.39235973, 7.12552261, 0),
	Vector3.new(-4.7132349, 7.51660252, 0),
	Vector3.new(-4.8144722, 8.23228168, 0),
	Vector3.new(-4.26250839, 9.14221668, 0),
	Vector3.new(-3.78869343, 8.12545395, 0),
	Vector3.new(-3.23238468, 7.44246387, 0),
	Vector3.new(-2.61968422, 6.88009262, 0),
	Vector3.new(-1.94926405, 6.24284267, 0),
	Vector3.new(-1.05844688, 5.56022835, 0),
	Vector3.new(-0.189644337, 5.08981133, 0),
	Vector3.new(0.528956413, 4.7414465, 0),
	Vector3.new(1.30905151, 4.44283581, 0),
	Vector3.new(2.1710062, 4.12074375, 0),
	Vector3.new(2.7322731, 3.8680315, 0),
	Vector3.new(3.38187313, 3.69800663, 0),
	Vector3.new(3.41764832, 4.28235531, 0),
	Vector3.new(3.55573845, 4.72643185, 0),
	Vector3.new(3.63922405, 5.64015198, 0),
	Vector3.new(3.90572834, 6.01316166, 0),
	Vector3.new(4.73683357, 6.19810486, 0),
	Vector3.new(4.84806156, 7.08972168, 0),
	Vector3.new(4.85078621, 7.71513748, 0),
	Vector3.new(4.79345894, 8.01743793, 0),
	Vector3.new(4.73894501, 8.86159229, 0),
	Vector3.new(5.70987511, 9.84024048, 0),
	Vector3.new(5.07497978, 10.3285971, 0),
	Vector3.new(5.77960682, 10.6516218, 0),
	Vector3.new(6.21863556, 10.9311876, 0),
	Vector3.new(6.52278805, 11.3066664, 0),
	Vector3.new(6.72379112, 11.729146, 0),
	Vector3.new(7.02762222, 11.995595, 0),
	Vector3.new(7.29306793, 12.6645641, 0),
	Vector3.new(7.5228014, 12.9437933, 0),
	Vector3.new(7.76036263, 13.3112993, 0),
	Vector3.new(7.9393816, 13.4980392, 0),
	Vector3.new(8.05426693, 13.7155209, 0),
	Vector3.new(8.09336472, 14.0294104, 0),
	Vector3.new(8.11115265, 14.4904184, 0),
	Vector3.new(8.13610268, 14.9381895, 0),
	Vector3.new(8.18739891, 15.2592363, 0),
	Vector3.new(8.17358589, 15.7865171, 0),
	Vector3.new(8.15097904, 16.2363949, 0),
	Vector3.new(8.10385704, 16.4756336, 0),
	Vector3.new(7.88306904, 16.7549152, 0),
	Vector3.new(7.57758617, 16.9298058, 0),
	Vector3.new(7.37338734, 16.9106598, 0),
	Vector3.new(7.24814224, 16.6112938, 0),
	Vector3.new(7.2082386, 16.1476574, 0),
	Vector3.new(7.14839363, 15.7067719, 0),
	Vector3.new(6.90242958, 14.929224, 0),
	Vector3.new(6.89688873, 14.525054, 0),
	Vector3.new(6.82436752, 13.9903145, 0),
	Vector3.new(6.65744591, 13.6142921, 0),
	Vector3.new(6.42314339, 13.2666178, 0),
	Vector3.new(6.22288513, 12.8858948, 0),
	Vector3.new(6.10892487, 12.6148243, 0),
	Vector3.new(6.04670811, 12.276083, 0),
	Vector3.new(6.04939651, 12.0023832, 0),
	Vector3.new(6.20508385, 11.889019, 0),
	Vector3.new(6.35535431, 11.8311129, 0),
	Vector3.new(6.68048096, 11.7599144, 0),
	Vector3.new(6.33819771, 11.8146152, 0),
	Vector3.new(6.09996414, 11.9040689, 0),
	Vector3.new(6.02217007, 12.0352373, 0),
	Vector3.new(6.01425076, 12.1352644, 0),
	Vector3.new(6.02996731, 12.4927025, 0),
	Vector3.new(5.77315235, 12.0363626, 0),
	Vector3.new(5.3954916, 11.7071638, 0),
	Vector3.new(4.90189552, 11.3465824, 0),
	Vector3.new(4.57953548, 11.0592127, 0),
	Vector3.new(4.13797665, 10.7851171, 0),
	Vector3.new(3.82815552, 10.7354469, 0),
	Vector3.new(3.48109245, 10.7466707, 0),
	Vector3.new(3.28569221, 10.8936481, 0),
	Vector3.new(3.17023182, 11.1474094, 0),
	Vector3.new(3.17499447, 11.4278793, 0),
	Vector3.new(3.25018501, 11.7284822, 0),
	Vector3.new(3.4989357, 11.9275084, 0),
	Vector3.new(3.69718075, 12.0267563, 0),
	Vector3.new(3.91957951, 12.3474083, 0),
	Vector3.new(4.24716473, 12.646246, 0),
	Vector3.new(4.41879654, 12.8739004, 0),
	Vector3.new(4.64798546, 13.2433176, 0),
	Vector3.new(4.86939716, 13.5696411, 0),
	Vector3.new(4.99893951, 13.9371548, 0),
	Vector3.new(5.17723274, 14.3748055, 0),
	Vector3.new(5.29079056, 14.612175, 0),
	Vector3.new(5.5551281, 15.0050707, 0),
	Vector3.new(5.83712387, 15.5140324, 0),
	Vector3.new(5.9266758, 15.77631, 0),
	Vector3.new(6.02648354, 16.1795731, 0),
	Vector3.new(5.99410629, 16.5619373, 0),
	Vector3.new(5.92185783, 16.9429131, 0),
	Vector3.new(5.91745186, 17.3047886, 0),
	Vector3.new(5.87186241, 17.7492847, 0),
	Vector3.new(6.18376255, 17.9269657, 0),
	Vector3.new(6.54132938, 17.900156, 0),
	Vector3.new(6.94137001, 17.8091393, 0),
	Vector3.new(7.18103695, 17.5154152, 0),
	Vector3.new(7.28278732, 17.1783638, 0),
	Vector3.new(7.34509087, 16.9295387, 0),
	Vector3.new(7.19334793, 17.580719, 0),
	Vector3.new(6.91013336, 17.7967567, 0),
	Vector3.new(6.51081085, 17.9316616, 0),
	Vector3.new(6.15328979, 17.9145565, 0),
	Vector3.new(5.87186241, 17.7492847, 0),
	Vector3.new(5.89137077, 18.126955, 0),
	Vector3.new(5.7259922, 18.3326797, 0),
	Vector3.new(5.44601059, 18.5660267, 0),
	Vector3.new(5.20991325, 18.6843681, 0),
	Vector3.new(4.66515923, 18.6109352, 0),
	Vector3.new(4.28931141, 18.3431244, 0),
	Vector3.new(4.13308907, 18.1212978, 0),
	Vector3.new(4.0604229, 17.7485809, 0),
	Vector3.new(3.97544193, 17.2324562, 0),
	Vector3.new(3.97781849, 16.8366966, 0),
	Vector3.new(3.93494797, 16.4579086, 0),
	Vector3.new(3.8641367, 16.1659832, 0),
	Vector3.new(3.73905754, 15.8977947, 0),
	Vector3.new(3.60307312, 15.6225758, 0),
	Vector3.new(3.48488617, 15.2475891, 0),
	Vector3.new(3.40384674, 15.0073881, 0),
	Vector3.new(3.34939194, 14.6010685, 0),
	Vector3.new(3.2969799, 14.4268885, 0),
	Vector3.new(3.08838654, 14.02948, 0),
	Vector3.new(2.90978432, 13.9020052, 0),
	Vector3.new(2.69914818, 13.7645111, 0),
	Vector3.new(2.50639915, 13.4838943, 0),
	Vector3.new(2.31827068, 13.1712322, 0),
	Vector3.new(2.22960567, 12.9342899, 0),
	Vector3.new(2.24366856, 12.4060535, 0),
	Vector3.new(2.40152454, 12.1657276, 0),
	Vector3.new(2.61352062, 12.0334721, 0),
	Vector3.new(2.90666485, 11.9323483, 0),
	Vector3.new(3.01123238, 11.9212646, 0),
	Vector3.new(3.16687202, 11.8868437, 0),
	Vector3.new(3.42489243, 11.9557343, 0),
	Vector3.new(3.67937279, 12.0307217, 0),
	Vector3.new(3.88195419, 12.3238554, 0),
	Vector3.new(4.20059299, 12.5677004, 0),
	Vector3.new(4.83315468, 13.5473309, 0),
	Vector3.new(5.2036953, 14.402504, 0),
	Vector3.new(5.51315212, 14.8883972, 0),
	Vector3.new(5.80248928, 15.4330997, 0),
	Vector3.new(5.97388458, 15.9658642, 0),
	Vector3.new(6.03885269, 16.385643, 0),
	Vector3.new(5.94908333, 16.8682957, 0),
	Vector3.new(5.85878181, 17.4556408, 0),
	Vector3.new(5.89143372, 18.1255264, 0),
	Vector3.new(5.65845585, 18.3636341, 0),
	Vector3.new(5.33911514, 18.6474438, 0),
	Vector3.new(5.2009449, 18.7143402, 0),
	Vector3.new(4.64474392, 18.6444416, 0),
	Vector3.new(4.3207407, 18.3424625, 0),
	Vector3.new(4.11753178, 18.1675987, 0),
	Vector3.new(3.78527069, 18.3248634, 0),
	Vector3.new(4.09222317, 19.1044884, 0),
	Vector3.new(3.51237488, 17.6499863, 0),
	Vector3.new(3.37031555, 17.1615219, 0),
	Vector3.new(3.35018539, 16.7598114, 0),
	Vector3.new(3.20695972, 16.3042583, 0),
	Vector3.new(3.1076622, 16.046854, 0),
	Vector3.new(2.94597912, 15.6435308, 0),
	Vector3.new(2.71564865, 15.4490032, 0),
	Vector3.new(2.39753628, 15.2454052, 0),
	Vector3.new(1.81410313, 15.1264315, 0),
	Vector3.new(1.55173111, 15.1738758, 0),
	Vector3.new(1.12640762, 15.3104248, 0),
	Vector3.new(0.976697922, 15.6386375, 0),
	Vector3.new(0.894359589, 16.0137367, 0),
	Vector3.new(0.908994675, 16.4001312, 0),
	Vector3.new(1.04485512, 16.8907433, 0),
	Vector3.new(0.600328445, 17.0326633, 0),
	Vector3.new(-4.32403183, 19.8293324, 0),
	Vector3.new(-4.69338179, 19.8840733, 0),
	Vector3.new(-5.15900612, 19.832304, 0),
	Vector3.new(-5.58767605, 19.7110996, 0),
	Vector3.new(-5.79059601, 19.5156326, 0),
	Vector3.new(-6.09651089, 19.1252632, 0),
	Vector3.new(-6.37733459, 18.7115402, 0),
	Vector3.new(-6.47804451, 18.2661762, 0),
	Vector3.new(-6.43188953, 18.0422688, 0),
	Vector3.new(-6.28975964, 17.918047, 0),
	Vector3.new(-6.1202302, 17.9177647, 0),
	Vector3.new(-5.80045986, 18.0399742, 0),
	Vector3.new(-5.36199665, 18.3735371, 0),
	Vector3.new(-5.02901459, 18.8736076, 0),
	Vector3.new(-4.87362671, 19.2568493, 0),
	Vector3.new(-4.91125107, 19.5576363, 0),
	Vector3.new(-4.82448196, 19.821352, 0),
	Vector3.new(-4.81105185, 19.3577404, 0),
	Vector3.new(-4.99428415, 18.9460201, 0),
	Vector3.new(-5.24052238, 18.5690422, 0),
	Vector3.new(-5.42283058, 18.2851772, 0),
	Vector3.new(-5.74077177, 18.1367092, 0),
	Vector3.new(-5.95385265, 17.9525566, 0),
	Vector3.new(-6.31547546, 17.8828888, 0),
	Vector3.new(-3.89766359, 17.047451, 0),
	Vector3.new(-0.310234547, 15.017148, 0),
	Vector3.new(-0.32085371, 14.123476, 0),
	Vector3.new(-0.137534142, 13.0555553, 0),
	Vector3.new(0.284859657, 12.2501717, 0),
	Vector3.new(1.05519867, 11.3437042, 0),
	Vector3.new(1.86038113, 10.7617073, 0),
	Vector3.new(3.02323818, 10.4298038, 0),
	Vector3.new(4.07797432, 10.3510246, 0),
	Vector3.new(5.11495399, 10.3645878, 0),
	Vector3.new(5.79752445, 10.6461954, 0),
	Vector3.new(6.2049818, 10.9404068, 0),
	Vector3.new(6.53255749, 11.2971039, 0),
	Vector3.new(6.70369053, 11.7562084, 0),
	Vector3.new(6.9740448, 11.9718657, 0),
	Vector3.new(7.28543282, 12.6987457, 0),
	Vector3.new(7.74045944, 13.3072586, 0),
	Vector3.new(8.02714539, 13.7287912, 0),
	Vector3.new(8.09739113, 14.377202, 0),
	Vector3.new(8.53009033, 14.611166, 0),
	Vector3.new(9.08737183, 15.0787373, 0),
	Vector3.new(9.41311073, 15.5430193, 0),
	Vector3.new(9.72682381, 16.0615387, 0),
	Vector3.new(10.0160866, 16.5782013, 0),
	Vector3.new(9.96366119, 16.9605732, 0),
	Vector3.new(9.79700851, 17.2487545, 0),
	Vector3.new(9.55509567, 17.5543957, 0),
	Vector3.new(9.42838478, 17.7026539, 0),
	Vector3.new(9.45111275, 17.9623947, 0),
	Vector3.new(10.1113567, 18.0319424, 0),
	Vector3.new(10.4016476, 18.232048, 0),
	Vector3.new(10.7339725, 18.4321671, 0),
	Vector3.new(11.1426716, 18.4124889, 0),
	Vector3.new(11.6395359, 18.3885651, 0),
	Vector3.new(11.9637737, 18.0946922, 0),
	Vector3.new(11.9256878, 17.6646881, 0),
	Vector3.new(11.8252563, 17.1824112, 0),
	Vector3.new(11.3879509, 16.4134235, 0),
	Vector3.new(11.2842484, 15.8913794, 0),
	Vector3.new(11.4076538, 15.6207304, 0),
	Vector3.new(11.6052799, 15.5426168, 0),
	Vector3.new(11.7338009, 15.3881836, 0),
	Vector3.new(11.7047577, 15.0103283, 0),
	Vector3.new(11.1883545, 14.9363222, 0),
	Vector3.new(11.0336952, 14.8624859, 0),
	Vector3.new(10.7365704, 14.5298882, 0),
	Vector3.new(10.4066257, 14.3160667, 0),
	Vector3.new(10.1336079, 14.2857151, 0),
	Vector3.new(9.45119667, 14.1750183, 0),
	Vector3.new(9.3237896, 13.9372635, 0),
	Vector3.new(9.34639359, 13.7329712, 0),
	Vector3.new(9.26599312, 13.4939613, 0),
	Vector3.new(8.98706245, 13.3336592, 0),
	Vector3.new(8.36915779, 13.2024021, 0),
	Vector3.new(7.97777462, 13.1370554, 0),
	Vector3.new(7.78752613, 13.1366882, 0),
	Vector3.new(7.67673302, 13.1641417, 0),
	Vector3.new(7.99115372, 13.6928463, 0),
	Vector3.new(8.07667732, 14.1043968, 0),
	Vector3.new(8.04295063, 14.3153, 0),
	Vector3.new(8.09814835, 14.4579048, 0),
	Vector3.new(8.85607719, 14.8951263, 0),
	Vector3.new(8.92623138, 15.347476, 0),
	Vector3.new(8.88213921, 16.010479, 0),
	Vector3.new(8.9558506, 16.5029583, 0),
	Vector3.new(8.8752079, 16.8908043, 0),
	Vector3.new(8.7442894, 17.2773895, 0),
	Vector3.new(8.4766407, 17.6366367, 0),
	Vector3.new(8.11123466, 18.0191154, 0),
	Vector3.new(7.67675209, 18.2900105, 0),
	Vector3.new(7.29274082, 18.4420395, 0),
	Vector3.new(6.88248634, 18.4991951, 0),
	Vector3.new(6.53006649, 18.4460716, 0),
	Vector3.new(6.11574936, 18.4482613, 0),
	Vector3.new(5.91567135, 18.3534584, 0),
	Vector3.new(5.80139351, 18.2648544, 0),
	Vector3.new(5.48848248, 18.5574608, 0),
	Vector3.new(5.16822052, 18.6640949, 0),
	Vector3.new(4.71339798, 18.6514549, 0),
	Vector3.new(4.07407951, 18.206171, 0),
	Vector3.new(3.84732819, 18.3480415, 0),
	Vector3.new(3.3573904, 17.2169056, 0),
	Vector3.new(3.39222527, 16.813755, 0),
	Vector3.new(2.98364353, 15.6804352, 0),
	Vector3.new(2.53946495, 15.379838, 0),
	Vector3.new(2.22454739, 15.2128973, 0),
	Vector3.new(1.83127499, 15.1762495, 0),
	Vector3.new(1.38279629, 15.2104607, 0),
	Vector3.new(1.1414175, 15.4131117, 0),
	Vector3.new(0.878715515, 15.9259901, 0),
	Vector3.new(0.858327866, 16.2766285, 0),
	Vector3.new(1.11582088, 16.9576855, 0),
	Vector3.new(1.22721291, 17.4614925, 0),
	Vector3.new(1.48925304, 18.0876865, 0),
	Vector3.new(1.51442814, 18.5230198, 0),
	Vector3.new(1.60539246, 18.72159, 0),
	Vector3.new(2.13824368, 19.3829079, 0),
	Vector3.new(2.23205662, 19.6945419, 0),
	Vector3.new(2.32728481, 20.0108833, 0),
	Vector3.new(2.67097378, 20.2639427, 0),
	Vector3.new(3.33401299, 20.2629967, 0),
	Vector3.new(4.03347301, 20.1843681, 0),
	Vector3.new(4.16770363, 19.9227772, 0),
	Vector3.new(4.34803867, 19.4419079, 0),
	Vector3.new(4.48882866, 19.1326694, 0),
	Vector3.new(4.71829224, 19.027462, 0),
	Vector3.new(5.09040928, 18.8208694, 0),
	Vector3.new(5.1797123, 18.7202568, 0),
	Vector3.new(5.79353333, 18.2825871, 0),
	Vector3.new(6.25808334, 18.4560394, 0),
	Vector3.new(6.65064335, 18.6563072, 0),
	Vector3.new(7.01557159, 18.9185734, 0),
	Vector3.new(7.37561035, 19.010849, 0),
	Vector3.new(8.05602455, 19.0922375, 0),
	Vector3.new(8.79656029, 19.1211052, 0),
	Vector3.new(9.31379128, 19.0570183, 0),
	Vector3.new(9.9779911, 18.8487186, 0),
	Vector3.new(10.216898, 18.7550621, 0),
	Vector3.new(10.5813675, 18.5542717, 0),
	Vector3.new(10.6641827, 18.5210514, 0),
	Vector3.new(10.1146317, 18.0696087, 0),
	Vector3.new(9.47315407, 18.0386448, 0),
	Vector3.new(9.02950859, 18.2979603, 0),
	Vector3.new(8.71282959, 18.6209831, 0),
	Vector3.new(8.27398109, 18.7914314, 0),
	Vector3.new(7.69271088, 18.8288174, 0),
	Vector3.new(7.06804276, 18.772892, 0),
	Vector3.new(6.95119858, 18.799118, 0),
	Vector3.new(7.54267693, 19.042696, 0),
	Vector3.new(8.9174118, 19.1101036, 0),
	Vector3.new(9.86697197, 18.8675594, 0),
	Vector3.new(10.6429653, 18.5008183, 0),
	Vector3.new(11.6037769, 18.3892441, 0),
	Vector3.new(11.4857254, 18.6951427, 0),
	Vector3.new(11.1025829, 18.9577885, 0),
	Vector3.new(10.7396679, 19.226778, 0),
	Vector3.new(10.3552608, 19.42416, 0),
	Vector3.new(9.86353111, 19.6185246, 0),
	Vector3.new(9.41154861, 19.9382, 0),
	Vector3.new(9.20000839, 20.2885036, 0),
	Vector3.new(8.92779732, 20.7965679, 0),
	Vector3.new(8.7924881, 21.2048626, 0),
	Vector3.new(8.5865612, 21.5535469, 0),
	Vector3.new(8.40967751, 21.8168869, 0),
	Vector3.new(8.17122078, 21.9921341, 0),
	Vector3.new(7.83639717, 22.1094685, 0),
	Vector3.new(7.20198059, 22.1783962, 0),
	Vector3.new(6.71871471, 22.1386929, 0),
	Vector3.new(6.0987606, 22.0999146, 0),
	Vector3.new(5.78790092, 21.9944172, 0),
	Vector3.new(6.20652676, 22.1243744, 0),
	Vector3.new(5.89619064, 22.5046329, 0),
	Vector3.new(6.1922617, 23.5884895, 0),
	Vector3.new(5.53925991, 23.5047531, 0),
	Vector3.new(4.53894806, 23.4337769, 0),
	Vector3.new(3.77594948, 23.4566059, 0),
	Vector3.new(3.45733166, 23.3570309, 0),
	Vector3.new(3.92532253, 22.8366966, 0),
	Vector3.new(3.99589157, 22.3088722, 0),
	Vector3.new(3.91537571, 21.9394722, 0),
	Vector3.new(3.71535206, 21.6768208, 0),
	Vector3.new(3.63589382, 21.4231014, 0),
	Vector3.new(3.60013485, 21.0861244, 0),
	Vector3.new(3.59825897, 20.8352737, 0),
	Vector3.new(3.78246689, 20.654604, 0),
	Vector3.new(3.39835548, 20.8192005, 0),
	Vector3.new(3.32075214, 21.0386372, 0),
	Vector3.new(3.35610771, 21.3788929, 0),
	Vector3.new(3.59287739, 21.6029377, 0),
	Vector3.new(3.56071568, 21.7840595, 0),
	Vector3.new(3.64108181, 22.0824699, 0),
	Vector3.new(3.60984421, 22.3846493, 0),
	Vector3.new(3.48752785, 22.6607876, 0),
	Vector3.new(3.29420662, 22.9781246, 0),
	Vector3.new(3.1314497, 23.0648842, 0),
	Vector3.new(2.91894627, 22.9192791, 0),
	Vector3.new(3.03652668, 22.0284805, 0),
	Vector3.new(3.24363518, 21.6787262, 0),
	Vector3.new(3.40181732, 21.4963799, 0),
	Vector3.new(3.00150585, 22.0290756, 0),
	Vector3.new(2.88329506, 22.8761215, 0),
	Vector3.new(3.08449745, 23.0674973, 0),
	Vector3.new(2.45250702, 23.4291782, 0),
	Vector3.new(1.79801369, 23.69907, 0),
	Vector3.new(1.37404346, 24.0087013, 0),
	Vector3.new(0.777863503, 24.5647736, 0),
	Vector3.new(0.317873001, 25.2147675, 0),
	Vector3.new(0.0552587509, 26.0013924, 0),
	Vector3.new(0.097946167, 26.5680466, 0),
	Vector3.new(-0.0487217903, 27.1037254, 0),
	Vector3.new(-0.215120316, 27.6769352, 0),
	Vector3.new(-0.507735252, 28.0638447, 0),
	Vector3.new(-0.927272797, 28.271059, 0),
	Vector3.new(-1.48493576, 27.9913063, 0),
	Vector3.new(-1.72804451, 27.8538322, 0),
	Vector3.new(-1.87895298, 27.5278225, 0),
	Vector3.new(-2.14623594, 27.2139053, 0),
	Vector3.new(-2.51152802, 26.9131298, 0),
	Vector3.new(-2.64822721, 26.7141151, 0),
	Vector3.new(-2.17717886, 25.7872658, 0),
	Vector3.new(-1.84499741, 24.9768524, 0),
	Vector3.new(-1.38697243, 23.9131584, 0),
	Vector3.new(-0.990765572, 23.1313457, 0),
	Vector3.new(-0.653035164, 22.765646, 0),
	Vector3.new(-0.271001816, 22.4462967, 0),
	Vector3.new(0.356584549, 21.9388561, 0),
	Vector3.new(1.02109337, 21.5155907, 0),
	Vector3.new(1.29068947, 21.490797, 0),
	Vector3.new(1.55211163, 21.6026859, 0),
	Vector3.new(2.00161171, 21.7879868, 0),
	Vector3.new(2.2752161, 21.9778843, 0),
	Vector3.new(2.48845959, 22.1447468, 0),
	Vector3.new(2.68027973, 22.2116127, 0),
	Vector3.new(2.88975239, 22.3078232, 0),
	Vector3.new(2.89894676, 22.8654156, 0),
	Vector3.new(3.13110447, 23.08321, 0),
	Vector3.new(3.5653286, 22.5680008, 0),
	Vector3.new(3.64083481, 22.2381172, 0),
	Vector3.new(3.60527611, 22.0000153, 0),
	Vector3.new(3.63698006, 21.5812893, 0),
	Vector3.new(3.92422485, 21.9137344, 0),
	Vector3.new(4.01778698, 22.356617, 0),
	Vector3.new(3.96248817, 22.8276806, 0),
	Vector3.new(3.47074986, 23.3493004, 0),
	Vector3.new(3.02171898, 23.6565228, 0),
	Vector3.new(2.24874306, 24.1654892, 0),
	Vector3.new(1.69185257, 24.7085571, 0),
	Vector3.new(2.42095947, 24.7147064, 0),
	Vector3.new(2.67296886, 24.8024521, 0),
	Vector3.new(3.02158737, 25.066143, 0),
	Vector3.new(3.27951813, 25.646183, 0),
	Vector3.new(1.86977005, 25.4487991, 0),
	Vector3.new(2.39962006, 26.0083199, 0),
	Vector3.new(3.18993759, 26.3183823, 0),
	Vector3.new(2.35398102, 26.1159744, 0),
	Vector3.new(1.82310295, 25.5518379, 0),
	Vector3.new(1.7472744, 26.2446899, 0),
	Vector3.new(2.23486042, 26.6831322, 0),
	Vector3.new(1.93742752, 27.0375404, 0),
	Vector3.new(2.26875782, 27.7745438, 0),
	Vector3.new(1.99103069, 27.1404915, 0),
	Vector3.new(2.19718742, 26.6967735, 0),
	Vector3.new(1.74799728, 26.2996044, 0),
	Vector3.new(1.73746109, 25.4990501, 0),
	Vector3.new(1.73627281, 25.4087868, 0),
	Vector3.new(1.44690418, 25.4057617, 0),
	Vector3.new(1.27874851, 25.3145046, 0),
	Vector3.new(1.39872265, 24.9637623, 0),
	Vector3.new(1.59936523, 24.8790703, 0),
	Vector3.new(1.64539814, 24.7568741, 0),
	Vector3.new(1.2799921, 25.0497208, 0),
	Vector3.new(1.06417084, 25.2234917, 0),
	Vector3.new(0.891091347, 25.5287628, 0),
	Vector3.new(0.794803619, 26.0425606, 0),
	Vector3.new(0.689451218, 26.7746429, 0),
	Vector3.new(0.636288643, 27.3253651, 0),
	Vector3.new(0.623379707, 27.7920322, 0),
	Vector3.new(0.615681648, 28.0703239, 0),
	Vector3.new(1.02522469, 28.1876812, 0),
	Vector3.new(1.53231049, 28.1970673, 0),
	Vector3.new(2.05685139, 28.317873, 0),
	Vector3.new(2.43001461, 28.2136803, 0),
	Vector3.new(2.7933445, 27.9535942, 0),
	Vector3.new(3.04810524, 27.5290546, 0),
	Vector3.new(3.21455002, 27.2626534, 0),
	Vector3.new(3.49272537, 26.8151131, 0),
	Vector3.new(3.74524593, 26.6193314, 0),
	Vector3.new(4.10316849, 26.6242924, 0),
	Vector3.new(4.37681198, 26.6706524, 0),
	Vector3.new(4.68583298, 26.5757771, 0),
	Vector3.new(4.80860424, 26.5351524, 0),
	Vector3.new(5.32929134, 26.6839752, 0),
	Vector3.new(5.6325779, 26.6454964, 0),
	Vector3.new(5.95091724, 26.3961658, 0),
	Vector3.new(6.04064941, 26.1071587, 0),
	Vector3.new(6.00444221, 25.6896343, 0),
	Vector3.new(5.84987354, 25.2326469, 0),
	Vector3.new(5.64855003, 25.0530605, 0),
	Vector3.new(5.17666149, 24.7379456, 0),
	Vector3.new(4.85382366, 24.5646629, 0),
	Vector3.new(4.67653084, 24.478878, 0),
	Vector3.new(4.38570499, 24.5126991, 0),
	Vector3.new(4.21436977, 24.3559227, 0),
	Vector3.new(4.00985146, 23.9801559, 0),
	Vector3.new(3.9811058, 23.8197823, 0),
	Vector3.new(3.95213318, 23.5498619, 0),
	Vector3.new(3.96370316, 23.979866, 0),
	Vector3.new(4.25370407, 24.3919144, 0),
	Vector3.new(4.63556671, 24.5267029, 0),
	Vector3.new(4.94827747, 24.3970985, 0),
	Vector3.new(5.17052555, 24.2325878, 0),
	Vector3.new(5.56152344, 24.1178493, 0),
	Vector3.new(5.88733673, 24.1083221, 0),
	Vector3.new(6.11997128, 24.0398674, 0),
	Vector3.new(6.06401825, 23.752142, 0),
	Vector3.new(6.02276611, 23.7178822, 0),
	Vector3.new(6.0140276, 23.6726112, 0),
	Vector3.new(5.96437645, 23.5936203, 0),
	Vector3.new(6.10192108, 23.9470482, 0),
	Vector3.new(6.08262539, 24.0280037, 0),
	Vector3.new(5.36841774, 24.1516705, 0),
	Vector3.new(4.95317459, 24.3494606, 0),
	Vector3.new(4.67653084, 24.478878, 0),
	Vector3.new(5.17696953, 24.7818794, 0),
	Vector3.new(5.89229774, 25.2020702, 0),
	Vector3.new(5.9519558, 25.6597557, 0),
	Vector3.new(6.0169754, 26.1929893, 0),
	Vector3.new(5.88117599, 26.520483, 0),
	Vector3.new(5.59406567, 26.682785, 0),
	Vector3.new(5.21248627, 26.6331215, 0),
	Vector3.new(4.95135117, 26.4900017, 0),
	Vector3.new(4.84301186, 26.1254597, 0),
	Vector3.new(5.33864212, 26.2613373, 0),
	Vector3.new(5.64245605, 26.1091576, 0),
	Vector3.new(5.68745041, 25.7417698, 0),
	Vector3.new(5.61394405, 25.3389931, 0),
	Vector3.new(5.69084549, 25.7656155, 0),
	Vector3.new(5.63034058, 26.1470833, 0),
	Vector3.new(5.36685085, 26.306818, 0),
	Vector3.new(4.86774635, 26.1508713, 0),
	Vector3.new(4.78763676, 25.6567497, 0),
	Vector3.new(5.0582943, 25.84795, 0),
	Vector3.new(5.28731632, 25.6404724, 0),
	Vector3.new(5.21985435, 25.3215218, 0),
	Vector3.new(4.78897476, 25.071209, 0),
	Vector3.new(4.61602306, 24.9814129, 0),
	Vector3.new(5.15859032, 25.2992687, 0),
	Vector3.new(5.29217434, 25.6346436, 0),
	Vector3.new(5.06157684, 25.884346, 0),
	Vector3.new(4.77270889, 25.680191, 0),
	Vector3.new(4.95866585, 26.5843849, 0),
	Vector3.new(5.16666412, 26.9836311, 0),
	Vector3.new(5.49428272, 27.2520237, 0),
	Vector3.new(5.86415386, 27.628849, 0),
	Vector3.new(6.38711548, 28.3442898, 0),
	Vector3.new(6.77142143, 28.9442635, 0),
	Vector3.new(7.14720345, 29.5079556, 0),
	Vector3.new(7.4952116, 30.1161575, 0),
	Vector3.new(7.91158867, 30.5231419, 0),
	Vector3.new(8.19369698, 31.0034561, 0),
	Vector3.new(8.37716866, 31.2266464, 0),
	Vector3.new(8.51778603, 31.4259224, 0),
	Vector3.new(8.06803894, 31.3456802, 0),
	Vector3.new(7.72986126, 31.0593147, 0),
	Vector3.new(7.42861652, 30.7068233, 0),
	Vector3.new(7.12082481, 30.4649353, 0),
	Vector3.new(7.42950535, 30.7103615, 0),
	Vector3.new(7.63581276, 30.9928226, 0),
	Vector3.new(8.03972912, 31.3576832, 0),
	Vector3.new(8.17642212, 31.570612, 0),
	Vector3.new(8.47326279, 32.0561447, 0),
	Vector3.new(8.5947094, 32.5061493, 0),
	Vector3.new(8.66027641, 32.8539696, 0),
	Vector3.new(8.70054245, 33.221405, 0),
	Vector3.new(9.05257988, 33.4678154, 0),
	Vector3.new(9.56384659, 33.6184921, 0),
	Vector3.new(10.0419102, 33.6597977, 0),
	Vector3.new(9.25826454, 33.7709541, 0),
	Vector3.new(8.86745071, 33.7094307, 0),
	Vector3.new(8.83898544, 34.0544853, 0),
	Vector3.new(8.65297127, 34.5382156, 0),
	Vector3.new(8.52654076, 34.2196465, 0),
	Vector3.new(8.457304, 33.7813454, 0),
	Vector3.new(8.41376877, 33.623909, 0),
	Vector3.new(8.88246346, 33.7537155, 0),
	Vector3.new(8.39281273, 33.6240082, 0),
	Vector3.new(7.97432137, 33.412426, 0),
	Vector3.new(7.55950928, 33.2899132, 0),
	Vector3.new(7.28640366, 33.1295891, 0),
	Vector3.new(6.92024612, 32.9357681, 0),
	Vector3.new(6.58882046, 32.602951, 0),
	Vector3.new(6.30939579, 32.3583946, 0),
	Vector3.new(5.81399918, 31.9970589, 0),
	Vector3.new(5.66943741, 31.8280754, 0),
	Vector3.new(5.44259644, 31.5096951, 0),
	Vector3.new(4.59277534, 30.9559727, 0),
	Vector3.new(4.3290596, 30.5063477, 0),
	Vector3.new(3.84305096, 30.0004749, 0),
	Vector3.new(3.61387634, 29.7156029, 0),
	Vector3.new(3.31972313, 29.2810078, 0),
	Vector3.new(2.98300076, 28.8646259, 0),
	Vector3.new(2.64253235, 28.6019421, 0),
	Vector3.new(3.29431343, 29.1859837, 0),
	Vector3.new(3.67070389, 29.7701149, 0),
	Vector3.new(4.1166687, 30.1979122, 0),
	Vector3.new(4.65624523, 31.0276108, 0),
	Vector3.new(5.51434708, 31.4988041, 0),
	Vector3.new(5.8075552, 32.003334, 0),
	Vector3.new(6.45597076, 32.4835358, 0),
	Vector3.new(6.93317604, 32.8996811, 0),
	Vector3.new(8.47033501, 33.6851273, 0),
	Vector3.new(7.39836597, 33.1748123, 0),
	Vector3.new(7.57220745, 33.7169113, 0),
	Vector3.new(7.79788685, 34.1254654, 0),
	Vector3.new(7.97669125, 34.4932022, 0),
	Vector3.new(8.08316135, 34.9318123, 0),
	Vector3.new(8.15060043, 35.3050499, 0),
	Vector3.new(7.56109238, 34.7657242, 0),
	Vector3.new(7.02469063, 34.4899368, 0),
	Vector3.new(6.1237011, 33.9705353, 0),
	Vector3.new(5.53168774, 33.6298752, 0),
	Vector3.new(5.02625847, 33.2325287, 0),
	Vector3.new(4.70535851, 32.938652, 0),
	Vector3.new(4.45580864, 32.5973969, 0),
	Vector3.new(4.33721256, 32.2619324, 0),
	Vector3.new(4.0405283, 31.6390305, 0),
	Vector3.new(3.93640709, 31.2233257, 0),
	Vector3.new(4.72434807, 31.9111061, 0),
	Vector3.new(5.33333969, 32.5056419, 0),
	Vector3.new(6.02951813, 32.9701996, 0),
	Vector3.new(5.31372929, 32.4586945, 0),
	Vector3.new(3.97480106, 31.2804546, 0),
	Vector3.new(3.59305859, 30.6862679, 0),
	Vector3.new(3.33645058, 30.1862507, 0),
	Vector3.new(3.10110378, 29.7611923, 0),
	Vector3.new(2.75736618, 29.391346, 0),
	Vector3.new(2.37847519, 28.9347725, 0),
	Vector3.new(2.06882191, 28.7002258, 0),
	Vector3.new(2.42975807, 29.0544739, 0),
	Vector3.new(3.05686474, 29.6882248, 0),
	Vector3.new(3.95359707, 31.3044262, 0),
	Vector3.new(4.09842682, 31.8296013, 0),
	Vector3.new(4.44504547, 32.6063843, 0),
	Vector3.new(4.89518642, 33.1581154, 0),
	Vector3.new(5.23974419, 33.4557419, 0),
	Vector3.new(5.32639503, 33.6047668, 0),
	Vector3.new(5.38836288, 33.8871231, 0),
	Vector3.new(5.40374279, 34.1322136, 0),
	Vector3.new(5.43850136, 34.3563461, 0),
	Vector3.new(5.71693993, 34.750885, 0),
	Vector3.new(5.88973236, 35.2120514, 0),
	Vector3.new(6.03839016, 35.6410484, 0),
	Vector3.new(6.11670303, 36.0612564, 0),
	Vector3.new(6.08692741, 36.8116417, 0),
	Vector3.new(5.88106537, 35.9924774, 0),
	Vector3.new(5.65186691, 35.4934654, 0),
	Vector3.new(5.3885479, 35.1194305, 0),
	Vector3.new(5.2999115, 36.2625465, 0),
	Vector3.new(5.04600143, 35.0848427, 0),
	Vector3.new(4.89878654, 34.8519135, 0),
	Vector3.new(4.75559235, 34.6527328, 0),
	Vector3.new(5.41232586, 35.2006302, 0),
	Vector3.new(4.66188622, 34.6020584, 0),
	Vector3.new(4.27567863, 34.38311, 0),
	Vector3.new(3.9832716, 34.2383728, 0),
	Vector3.new(3.63565731, 34.0961494, 0),
	Vector3.new(3.18115425, 33.8012695, 0),
	Vector3.new(2.6271534, 33.3383179, 0),
	Vector3.new(2.13570023, 32.9668808, 0),
	Vector3.new(1.68156433, 32.4666595, 0),
	Vector3.new(1.58807373, 32.2752914, 0),
	Vector3.new(2.14369392, 32.9520035, 0),
	Vector3.new(3.11254025, 33.7896767, 0),
	Vector3.new(3.59396553, 34.1056099, 0),
	Vector3.new(4.0452919, 34.5889816, 0),
	Vector3.new(4.43900871, 35.1588631, 0),
	Vector3.new(4.68804455, 35.9296036, 0),
	Vector3.new(4.81430244, 36.5593109, 0),
	Vector3.new(4.69380093, 37.136261, 0),
	Vector3.new(3.82391548, 36.0794449, 0),
	Vector3.new(3.3235693, 35.5813446, 0),
	Vector3.new(2.6603241, 35.0240097, 0),
	Vector3.new(2.45762157, 34.7192841, 0),
	Vector3.new(1.8689909, 34.2427139, 0),
	Vector3.new(1.27531147, 33.74646, 0),
	Vector3.new(0.898290634, 33.3676071, 0),
	Vector3.new(0.350976944, 32.8458443, 0),
	Vector3.new(-0.110404968, 32.2625542, 0),
	Vector3.new(-0.449449539, 31.7016163, 0),
	Vector3.new(-0.588171959, 31.1451015, 0),
	Vector3.new(-0.739195824, 31.0223179, 0),
	Vector3.new(-1.20363903, 29.713726, 0),
	Vector3.new(-1.18265915, 29.2210693, 0),
	Vector3.new(-1.01183796, 28.6221581, 0),
	Vector3.new(-0.872799873, 28.4804592, 0),
	Vector3.new(-0.663392544, 28.2983856, 0),
	Vector3.new(-0.23998642, 28.4493542, 0),
	Vector3.new(-0.449308395, 28.5895748, 0),
	Vector3.new(-0.514305115, 29.1175938, 0),
	Vector3.new(-0.607036114, 29.7486248, 0),
	Vector3.new(-0.433602333, 30.3424034, 0),
	Vector3.new(-0.0595974922, 30.849432, 0),
	Vector3.new(0.517959595, 31.6882019, 0),
	Vector3.new(0.913689613, 32.1446838, 0),
	Vector3.new(1.43357086, 32.5926208, 0),
	Vector3.new(1.96992111, 33.1224174, 0),
	Vector3.new(1.23840714, 32.5301132, 0),
	Vector3.new(0.584008217, 31.8570976, 0),
	Vector3.new(0.355955124, 31.461792, 0),
	Vector3.new(0.0184593201, 30.9940624, 0),
	Vector3.new(-0.503240585, 30.2439117, 0),
	Vector3.new(-0.577981472, 29.6890945, 0),
	Vector3.new(-0.486711502, 28.8746643, 0),
	Vector3.new(-0.310131073, 28.4482384, 0),
	Vector3.new(-0.0301704407, 28.3809052, 0),
	Vector3.new(0.0107688904, 28.6678944, 0),
	Vector3.new(0.0721492767, 29.3055, 0),
	Vector3.new(0.279285431, 29.755928, 0),
	Vector3.new(1.02478886, 30.3493443, 0),
	Vector3.new(1.4214344, 30.8520737, 0),
	Vector3.new(1.87781143, 31.3177948, 0),
	Vector3.new(0.996129036, 30.3200455, 0),
	Vector3.new(0.318477631, 29.7265358, 0),
	Vector3.new(0.0819506645, 29.2755165, 0),
	Vector3.new(0.0399255753, 28.4230671, 0),
	Vector3.new(0.487987518, 28.50177, 0),
	Vector3.new(1.40813923, 29.7652302, 0),
	Vector3.new(0.527588844, 28.5329857, 0),
	Vector3.new(1.24897194, 28.5035286, 0),
	Vector3.new(1.81844044, 29.4928627, 0),
	Vector3.new(2.10150433, 30.1803169, 0),
	Vector3.new(2.48321819, 30.8254261, 0),
	Vector3.new(2.83249664, 31.3543472, 0),
	Vector3.new(3.35606766, 31.965229, 0),
	Vector3.new(2.51791286, 30.9300194, 0),
	Vector3.new(2.07419682, 30.1219254, 0),
	Vector3.new(1.85684967, 29.5031223, 0),
	Vector3.new(1.39336014, 28.7285404, 0),
	Vector3.new(1.25868797, 28.5138397, 0),
	Vector3.new(0.488013268, 28.4915657, 0),
	Vector3.new(0.00982284546, 28.3815575, 0),
	Vector3.new(-0.451516151, 28.3431454, 0),
	Vector3.new(-0.734910011, 28.2248497, 0),
	Vector3.new(-1.79736042, 27.8835373, 0),
	Vector3.new(-1.53193045, 28.2701702, 0),
	Vector3.new(-1.56533384, 28.4872608, 0),
	Vector3.new(-1.73912001, 28.917141, 0),
	Vector3.new(-1.7857337, 29.6070595, 0),
	Vector3.new(-1.74812746, 28.8471947, 0),
	Vector3.new(-1.60255003, 28.3137836, 0),
	Vector3.new(-1.65951061, 28.0980988, 0),
	Vector3.new(-1.7274003, 27.9124069, 0),
	Vector3.new(-1.94032192, 28.2835999, 0),
	Vector3.new(-2.07945728, 28.4621086, 0),
	Vector3.new(-2.39278603, 28.5426846, 0),
	Vector3.new(-2.69493675, 28.4506836, 0),
	Vector3.new(-2.83705091, 27.995163, 0),
	Vector3.new(-3.05225849, 27.4497299, 0),
	Vector3.new(-3.26736689, 27.0866737, 0),
	Vector3.new(-3.48602343, 26.6865501, 0),
	Vector3.new(-3.91087151, 26.4361515, 0),
	Vector3.new(-4.41079426, 26.0787983, 0),
	Vector3.new(-4.71125031, 25.6270428, 0),
	Vector3.new(-4.84918356, 25.1219788, 0),
	Vector3.new(-4.56245184, 24.6435051, 0),
	Vector3.new(-4.3991971, 24.2111855, 0),
	Vector3.new(-4.3208313, 23.6532555, 0),
	Vector3.new(-4.39518881, 23.3984566, 0),
	Vector3.new(-4.37174082, 23.220108, 0),
	Vector3.new(-4.07183409, 23.3173599, 0),
	Vector3.new(-3.91004753, 23.6902237, 0),
	Vector3.new(-3.97384214, 23.955225, 0),
	Vector3.new(-4.06262207, 24.3520031, 0),
	Vector3.new(-4.11763191, 24.7742519, 0),
	Vector3.new(-4.09274101, 25.3791065, 0),
	Vector3.new(-3.77212715, 25.5637474, 0),
	Vector3.new(-3.47824192, 25.8973808, 0),
	Vector3.new(-3.15565157, 26.2709866, 0),
	Vector3.new(-2.96966648, 26.4937267, 0),
	Vector3.new(-2.72429276, 26.7119522, 0),
	Vector3.new(-2.54081535, 26.8995132, 0),
	Vector3.new(-2.12399483, 27.1902657, 0),
	Vector3.new(-1.89622879, 27.5196762, 0),
	Vector3.new(-1.8153162, 27.8515892, 0),
	Vector3.new(-1.77366829, 27.9678726, 0),
	Vector3.new(-1.89808083, 28.2349472, 0),
	Vector3.new(-2.05807495, 28.4936981, 0),
	Vector3.new(-2.34634733, 28.4949188, 0),
	Vector3.new(-2.55564976, 28.4845619, 0),
	Vector3.new(-2.8097496, 28.2016335, 0),
	Vector3.new(-2.92578077, 27.7318935, 0),
	Vector3.new(-3.06254482, 27.4280567, 0),
	Vector3.new(-3.20297956, 27.1419086, 0),
	Vector3.new(-3.32163906, 26.992424, 0),
	Vector3.new(-3.43191528, 27.3024139, 0),
	Vector3.new(-3.6785202, 27.5728264, 0),
	Vector3.new(-3.86031294, 27.9004898, 0),
	Vector3.new(-4.02370834, 28.4238472, 0),
	Vector3.new(-4.14093399, 29.0435009, 0),
	Vector3.new(-4.1729455, 29.597023, 0),
	Vector3.new(-4.16993856, 30.0777168, 0),
	Vector3.new(-4.18601513, 30.5138702, 0),
	Vector3.new(-4.40311241, 30.8582382, 0),
	Vector3.new(-4.77407455, 31.4841385, 0),
	Vector3.new(-5.11977291, 32.0411873, 0),
	Vector3.new(-5.46072197, 32.7397156, 0),
	Vector3.new(-5.61946774, 33.4287033, 0),
	Vector3.new(-5.60846519, 34.0170364, 0),
	Vector3.new(-5.45574999, 34.7032356, 0),
	Vector3.new(-5.14133453, 35.3354683, 0),
	Vector3.new(-4.39533949, 35.8569946, 0),
	Vector3.new(-4.91464615, 35.0138664, 0),
	Vector3.new(-4.83086109, 34.5715027, 0),
	Vector3.new(-4.64241505, 34.1596909, 0),
	Vector3.new(-4.26765871, 33.7899704, 0),
	Vector3.new(-3.79015923, 33.3339272, 0),
	Vector3.new(-3.53513145, 33.1131744, 0),
	Vector3.new(-3.44862556, 32.7762108, 0),
	Vector3.new(-3.16283369, 32.4661865, 0),
	Vector3.new(-3.01781988, 32.3294373, 0),
	Vector3.new(-2.82802105, 31.7495918, 0),
	Vector3.new(-2.76866341, 31.3555145, 0),
	Vector3.new(-2.77580309, 30.7599258, 0),
	Vector3.new(-2.7196722, 30.3235188, 0),
	Vector3.new(-2.56635952, 30.09972, 0),
	Vector3.new(-2.48200274, 29.989336, 0),
	Vector3.new(-2.30386972, 29.8815708, 0),
	Vector3.new(-1.89021349, 31.3258171, 0),
	Vector3.new(-1.38764286, 31.9637794, 0),
	Vector3.new(-0.840609074, 32.6570663, 0),
	Vector3.new(-0.097550869, 33.2090836, 0),
	Vector3.new(0.594814301, 33.7631035, 0),
	Vector3.new(1.14463329, 34.0944901, 0),
	Vector3.new(1.69579124, 34.3992844, 0),
	Vector3.new(2.2133646, 34.6973686, 0),
	Vector3.new(2.42491817, 34.6865883, 0),
	Vector3.new(2.76020813, 35.200798, 0),
	Vector3.new(3.47845078, 35.7774849, 0),
	Vector3.new(2.46134758, 35.6218185, 0),
	Vector3.new(2.22378063, 34.7237473, 0),
	Vector3.new(2.4397459, 35.6056061, 0),
	Vector3.new(2.5123291, 36.2091064, 0),
	Vector3.new(2.79007435, 36.6470566, 0),
	Vector3.new(3.20133305, 37.006958, 0),
	Vector3.new(3.96610641, 37.3600006, 0),
	Vector3.new(2.76145458, 36.9601746, 0),
	Vector3.new(2.21454906, 36.6028214, 0),
	Vector3.new(1.86507034, 36.182003, 0),
	Vector3.new(1.40809822, 35.6975784, 0),
	Vector3.new(1.0346384, 35.2765045, 0),
	Vector3.new(0.777481079, 34.9748802, 0),
	Vector3.new(0.707357407, 34.8039398, 0),
	Vector3.new(0.746421814, 34.0750313, 0),
	Vector3.new(0.654825211, 34.7669106, 0),
	Vector3.new(0.495107651, 35.4308968, 0),
	Vector3.new(0.376274109, 36.0491409, 0),
	Vector3.new(0.288066864, 36.6677666, 0),
	Vector3.new(0.283760071, 37.1780624, 0),
	Vector3.new(0.385587692, 37.7000313, 0),
	Vector3.new(0.584230423, 37.9159393, 0),
	Vector3.new(-0.257180214, 37.4378014, 0),
	Vector3.new(-0.550470352, 37.116291, 0),
	Vector3.new(-0.941754818, 36.5952377, 0),
	Vector3.new(-1.29521847, 35.9563675, 0),
	Vector3.new(-1.31171894, 35.6963921, 0),
	Vector3.new(-1.49511528, 35.2786942, 0),
	Vector3.new(-1.66076994, 34.9520187, 0),
	Vector3.new(-1.93988705, 34.6092072, 0),
	Vector3.new(-1.48172283, 35.3741684, 0),
	Vector3.new(-1.23871803, 35.2762527, 0),
	Vector3.new(-1.2067585, 34.9273491, 0),
	Vector3.new(-1.3003273, 34.4951477, 0),
	Vector3.new(-1.32973909, 33.835907, 0),
	Vector3.new(-1.49248314, 33.5650826, 0),
	Vector3.new(-1.33874083, 33.8717842, 0),
	Vector3.new(-1.32617188, 34.532608, 0),
	Vector3.new(-1.2476368, 34.9440308, 0),
	Vector3.new(-1.1954217, 35.2367554, 0),
	Vector3.new(-1.4399929, 35.3568268, 0),
	Vector3.new(-1.976933, 34.5876579, 0),
	Vector3.new(-2.23080206, 34.0863762, 0),
	Vector3.new(-2.46610785, 33.7931519, 0),
	Vector3.new(-2.56479454, 33.5406113, 0),
	Vector3.new(-2.71403742, 33.0809708, 0),
	Vector3.new(-2.85203075, 32.7056656, 0),
	Vector3.new(-2.90787363, 32.3704453, 0),
	Vector3.new(-2.90510464, 31.9083557, 0),
	Vector3.new(-2.99418163, 32.3589096, 0),
	Vector3.new(-3.36030865, 32.7185326, 0),
	Vector3.new(-3.57144403, 33.1997948, 0),
	Vector3.new(-4.14726257, 33.6287842, 0),
	Vector3.new(-4.44878817, 33.95047, 0),
	Vector3.new(-4.32000494, 33.3023224, 0),
	Vector3.new(-4.09424305, 32.8956833, 0),
	Vector3.new(-3.7686348, 32.5293274, 0),
	Vector3.new(-3.46328926, 32.175209, 0),
	Vector3.new(-4.15870476, 33.0328484, 0),
	Vector3.new(-4.36234856, 33.6053581, 0),
	Vector3.new(-4.40695953, 33.9485054, 0),
	Vector3.new(-4.6571517, 34.2302246, 0),
	Vector3.new(-4.91826344, 34.8961258, 0),
	Vector3.new(-4.85466433, 35.2312317, 0),
	Vector3.new(-4.3846426, 35.8411789, 0),
	Vector3.new(-5.19601965, 35.3569336, 0),
	Vector3.new(-5.55955648, 34.4129028, 0),
	Vector3.new(-5.62930393, 33.9689407, 0),
	Vector3.new(-5.59795666, 33.4111481, 0),
	Vector3.new(-5.3673172, 32.6231499, 0),
	Vector3.new(-5.16814518, 32.0915298, 0),
	Vector3.new(-4.93405724, 31.6083794, 0),
	Vector3.new(-4.50981998, 31.0664558, 0),
	Vector3.new(-4.21460533, 30.5085144, 0),
	Vector3.new(-4.19206429, 29.6499844, 0),
	Vector3.new(-4.08251953, 28.8520775, 0),
	Vector3.new(-4.02045631, 28.396286, 0),
	Vector3.new(-3.79166842, 27.866642, 0),
	Vector3.new(-3.56022501, 27.3598518, 0),
	Vector3.new(-3.36970377, 27.1471462, 0),
	Vector3.new(-3.0401659, 27.5523567, 0),
	Vector3.new(-2.89307404, 27.8917961, 0),
	Vector3.new(-2.75896931, 28.2891579, 0),
	Vector3.new(-2.51358891, 28.4651299, 0),
	Vector3.new(-2.11867762, 28.5013466, 0),
	Vector3.new(-1.89576817, 28.208252, 0),
	Vector3.new(-1.75481701, 27.9095554, 0),
	Vector3.new(-1.76538658, 27.6922398, 0),
	Vector3.new(-2.25809717, 27.0576859, 0),
	Vector3.new(-2.62543535, 26.7502289, 0),
	Vector3.new(-2.26174259, 25.9425087, 0),
	Vector3.new(-1.97826529, 25.345295, 0),
	Vector3.new(-1.6805377, 25.437664, 0),
	Vector3.new(-1.14268351, 25.4222927, 0),
	Vector3.new(-0.837146759, 25.4227448, 0),
	Vector3.new(-0.445612907, 25.4076157, 0),
	Vector3.new(-0.186979294, 25.2991486, 0),
	Vector3.new(-0.0918192863, 25.171011, 0),
	Vector3.new(-0.0502223969, 25.064146, 0),
	Vector3.new(-0.039396286, 24.9425926, 0),
	Vector3.new(-0.0743136406, 24.6612778, 0),
	Vector3.new(-0.130115509, 24.9060516, 0),
	Vector3.new(-0.322027206, 24.8325806, 0),
	Vector3.new(-0.533874035, 24.7736168, 0),
	Vector3.new(-0.651754856, 24.8072662, 0),
	Vector3.new(-0.840816021, 24.9479504, 0),
	Vector3.new(-0.991222858, 25.1070023, 0),
	Vector3.new(-1.1458416, 25.3479214, 0),
	Vector3.new(-1.58621359, 25.3840466, 0),
	Vector3.new(-1.5234313, 25.0339661, 0),
	Vector3.new(-1.44208574, 24.8157501, 0),
	Vector3.new(-1.21317959, 24.6038647, 0),
	Vector3.new(-0.988549232, 24.5172882, 0),
	Vector3.new(-0.709469795, 24.488348, 0),
	Vector3.new(-0.328207016, 24.5118923, 0),
	Vector3.new(-0.1866889, 24.5844669, 0),
	Vector3.new(-0.114650726, 24.6406002, 0),
	Vector3.new(-0.0558142662, 25.0725746, 0),
	Vector3.new(-0.199054718, 25.2834091, 0),
	Vector3.new(-0.526323318, 25.4593182, 0),
	Vector3.new(-1.76388407, 25.4272327, 0),
	Vector3.new(-1.98797512, 25.3674374, 0),
	Vector3.new(-0.908222198, 23.0971603, 0),
	Vector3.new(-0.305192471, 23.316185, 0),
	Vector3.new(0.1373806, 23.0783577, 0),
	Vector3.new(0.446802139, 22.8248005, 0),
	Vector3.new(0.777762413, 22.7385864, 0),
	Vector3.new(1.30270481, 22.7846489, 0),
	Vector3.new(1.69438934, 22.9251423, 0),
	Vector3.new(1.94852638, 23.0383186, 0),
	Vector3.new(2.18592167, 23.182476, 0),
	Vector3.new(1.64766312, 23.0031891, 0),
	Vector3.new(1.28446865, 22.9050426, 0),
	Vector3.new(1.01997089, 22.8705769, 0),
	Vector3.new(0.661403656, 22.8873348, 0),
	Vector3.new(0.376630783, 22.9648647, 0),
	Vector3.new(0.144944191, 23.1201591, 0),
	Vector3.new(0.122866631, 23.582304, 0),
	Vector3.new(0.0349636078, 23.670908, 0),
	Vector3.new(0.0123152733, 23.9535351, 0),
	Vector3.new(0.138038635, 24.2231979, 0),
	Vector3.new(0.256744385, 24.3527222, 0),
	Vector3.new(0.385398865, 24.3145447, 0),
	Vector3.new(0.324923515, 24.175621, 0),
	Vector3.new(0.205598831, 24.0620842, 0),
	Vector3.new(0.160224915, 23.9046898, 0),
	Vector3.new(0.20889473, 23.7802505, 0),
	Vector3.new(0.283966064, 23.7341785, 0),
	Vector3.new(0.435288429, 23.5987988, 0),
	Vector3.new(0.360517502, 23.5630589, 0),
	Vector3.new(0.244397163, 23.590189, 0),
	Vector3.new(0.148607254, 23.6622658, 0),
	Vector3.new(0.152439117, 23.3963814, 0),
	Vector3.new(0.203721046, 23.1807423, 0),
	Vector3.new(-0.261377335, 23.279501, 0),
	Vector3.new(-0.918919086, 23.1472855, 0),
	Vector3.new(0.356134415, 21.9556046, 0),
	Vector3.new(1.01712704, 21.5378227, 0),
	Vector3.new(0.600325584, 21.756916, 0),
	Vector3.new(0.740736961, 20.7584629, 0),
	Vector3.new(0.092543602, 19.8515701, 0),
	Vector3.new(-0.0570645332, 19.352354, 0),
	Vector3.new(-0.0539603233, 18.4653187, 0),
	Vector3.new(0.102470398, 17.3455505, 0),
	Vector3.new(1.32293224, 18.0394936, 0),
	Vector3.new(1.50928974, 18.096241, 0),
	Vector3.new(1.55234241, 18.5386429, 0),
	Vector3.new(1.65695381, 18.803093, 0),
	Vector3.new(2.24568367, 19.5116215, 0),
	Vector3.new(2.30864525, 20.0220642, 0),
	Vector3.new(2.75125313, 20.2945976, 0),
	Vector3.new(3.34213543, 20.2466774, 0),
	Vector3.new(3.78639603, 20.2632561, 0),
	Vector3.new(3.67809296, 20.6722679, 0),
	Vector3.new(3.78561974, 20.2789059, 0),
	Vector3.new(2.72941208, 20.283062, 0),
	Vector3.new(2.26188183, 19.9418087, 0),
	Vector3.new(2.18842316, 19.4223652, 0),
	Vector3.new(1.58578014, 18.722332, 0),
	Vector3.new(1.43947887, 18.1353092, 0),
	Vector3.new(0.190553665, 17.4337463, 0),
	Vector3.new(-0.0625772476, 18.442522, 0),
	Vector3.new(-0.0958776474, 18.7794151, 0),
	Vector3.new(-0.580305099, 19.0758381, 0),
	Vector3.new(-0.912686825, 19.3022289, 0),
	Vector3.new(-1.14042139, 19.4548969, 0),
	Vector3.new(-1.40202379, 19.4177437, 0),
	Vector3.new(-1.41901016, 19.7217979, 0),
	Vector3.new(-1.28224611, 19.9655628, 0),
	Vector3.new(-1.22271156, 20.2956524, 0),
	Vector3.new(-1.24693203, 20.803957, 0),
	Vector3.new(-1.66683674, 20.7952938, 0),
	Vector3.new(-1.69425201, 21.0556183, 0),
	Vector3.new(-2.3086319, 21.0922546, 0),
	Vector3.new(-2.8132267, 21.0435829, 0),
	Vector3.new(-2.99080181, 20.9526596, 0),
	Vector3.new(-3.48738813, 20.8925972, 0),
	Vector3.new(-2.98846149, 21.2873306, 0),
	Vector3.new(-3.34594154, 21.8178005, 0),
	Vector3.new(-2.53958321, 22.4734268, 0),
	Vector3.new(-2.13254881, 22.7029228, 0),
	Vector3.new(-1.74233627, 22.8739567, 0),
	Vector3.new(-1.25848055, 22.944313, 0),
	Vector3.new(-0.920594692, 23.0649986, 0),
	Vector3.new(-1.73642635, 22.9360886, 0),
	Vector3.new(-2.39769745, 22.5291634, 0),
	Vector3.new(-2.77650261, 22.3012924, 0),
	Vector3.new(-3.16722965, 21.9361362, 0),
	Vector3.new(-3.28701591, 21.7919693, 0),
	Vector3.new(-3.02837849, 21.3731956, 0),
	Vector3.new(-3.41143703, 21.0049515, 0),
	Vector3.new(-3.5325098, 20.8720551, 0),
	Vector3.new(-3.21578455, 20.4621201, 0),
	Vector3.new(-3.08342361, 20.2162437, 0),
	Vector3.new(-3.19156027, 19.8373451, 0),
	Vector3.new(-2.97236347, 19.6796913, 0),
	Vector3.new(-3.42029095, 19.294508, 0),
	Vector3.new(-2.9054122, 19.7189045, 0),
	Vector3.new(-2.42522383, 19.9705486, 0),
	Vector3.new(-2.07367992, 20.0879669, 0),
	Vector3.new(-3.00430584, 19.6638336, 0),
	Vector3.new(-3.35638428, 19.3425789, 0),
	Vector3.new(-4.23682451, 19.8021145, 0),
	Vector3.new(-4.93414497, 19.8635635, 0),
	Vector3.new(-5.6162672, 19.6930504, 0),
	Vector3.new(-6.02181911, 19.2439556, 0),
	Vector3.new(-6.32647514, 18.8731384, 0),
	Vector3.new(-6.49771595, 18.3004608, 0),
	Vector3.new(-6.26211262, 17.9094181, 0),
	Vector3.new(-6.03992653, 17.699234, 0),
	Vector3.new(-6.43345261, 17.4037514, 0),
	Vector3.new(-6.77976799, 17.1441975, 0),
	Vector3.new(-7.09150696, 16.9183846, 0),
	Vector3.new(-7.50098801, 16.7376614, 0),
	Vector3.new(-7.55255127, 16.6122265, 0),
	Vector3.new(-7.38475418, 15.863039, 0),
	Vector3.new(-7.05191612, 15.0700169, 0),
	Vector3.new(-6.67442989, 14.5628262, 0),
	Vector3.new(-6.22978973, 14.1598806, 0),
	Vector3.new(-5.60858774, 13.9040976, 0),
	Vector3.new(-4.9543829, 13.5770082, 0),
	Vector3.new(-4.57056713, 13.3118944, 0),
	Vector3.new(-4.13818645, 13.1327248, 0),
	Vector3.new(-3.76027966, 13.0759535, 0),
	Vector3.new(-3.50804853, 13.0705957, 0),
	Vector3.new(-3.27904606, 13.0472183, 0),
	Vector3.new(-3.0853672, 13.4177723, 0),
	Vector3.new(-2.98854065, 13.9224691, 0),
	Vector3.new(-2.95380306, 14.7029839, 0),
	Vector3.new(-2.90370512, 15.2785721, 0),
	Vector3.new(-2.90933323, 16.0715599, 0),
	Vector3.new(-2.78754902, 16.3779373, 0),
	Vector3.new(-2.85864735, 16.0918274, 0),
	Vector3.new(-2.90374947, 15.3330059, 0),
	Vector3.new(-2.86939383, 15.0625, 0),
	Vector3.new(-2.945436, 14.442214, 0),
	Vector3.new(-2.91429806, 14.090498, 0),
	Vector3.new(-3.12812901, 13.5402508, 0),
	Vector3.new(-3.17522335, 13.1728029, 0),
	Vector3.new(-3.33370256, 12.9964867, 0),
	Vector3.new(-3.35205746, 12.0440388, 0),
	Vector3.new(-3.42158461, 11.6544142, 0),
	Vector3.new(-3.61733294, 11.3936119, 0),
	Vector3.new(-3.90750694, 11.2492104, 0),
	Vector3.new(-4.12482929, 11.219902, 0),
	Vector3.new(-4.28975868, 10.9123459, 0),
	Vector3.new(-4.22650719, 10.6070671, 0),
	Vector3.new(-4.03907347, 10.2816181, 0),
	Vector3.new(-3.84722281, 9.9260807, 0),
	Vector3.new(-3.62878609, 9.6561718, 0),
	Vector3.new(-3.47784233, 9.55829811, 0),
	Vector3.new(-2.9186182, 9.44072437, 0),
	Vector3.new(-2.3120513, 9.50574493, 0),
	Vector3.new(-1.74610949, 9.42297554, 0),
	Vector3.new(-1.40076447, 9.31100178, 0),
	Vector3.new(-1.06848717, 9.25714016, 0),
	Vector3.new(-0.776745796, 9.49211693, 0),
	Vector3.new(-0.331347942, 9.67492199, 0),
	Vector3.new(-0.861064911, 9.47669125, 0),
	Vector3.new(-1.06829929, 9.27489376, 0),
	Vector3.new(-1.35097361, 9.30326366, 0),
	Vector3.new(-1.80687904, 9.40174484, 0),
	Vector3.new(-2.14619637, 9.53515816, 0),
	Vector3.new(-3.01683426, 9.48916626, 0),
	Vector3.new(-3.5518837, 9.61830616, 0),
	Vector3.new(-3.89201927, 9.94002628, 0),
	Vector3.new(-4.00964212, 10.2581215, 0),
	Vector3.new(-4.18978786, 10.6832771, 0),
	Vector3.new(-4.25026131, 11.0093994, 0),
	Vector3.new(-4.07136869, 11.2199039, 0),
	Vector3.new(-3.87085056, 11.1398878, 0),
	Vector3.new(-3.64733839, 10.6672993, 0),
	Vector3.new(-3.09240246, 10.2310419, 0),
	Vector3.new(-2.86314106, 10.1287107, 0),
	Vector3.new(-2.11679554, 10.3048649, 0),
	Vector3.new(-1.46237993, 10.6916933, 0),
	Vector3.new(-1.03139591, 10.8914223, 0),
	Vector3.new(-0.338954449, 11.0621891, 0),
	Vector3.new(0.415714264, 11.3784924, 0),
	Vector3.new(0.733651161, 11.579895, 0),
	Vector3.new(0.0584602356, 11.2353935, 0),
	Vector3.new(-0.628037453, 10.9928102, 0),
	Vector3.new(0.809561729, 11.6099443, 0),
	Vector3.new(0.399446487, 12.1378698, 0),
	Vector3.new(0.130783081, 12.3741293, 0),
	Vector3.new(-0.0867352486, 11.9496145, 0),
	Vector3.new(-0.435040951, 11.8881683, 0),
	Vector3.new(-0.991345406, 12.0506573, 0),
	Vector3.new(-1.34115648, 12.3483219, 0),
	Vector3.new(-1.55545044, 12.501173, 0),
	Vector3.new(-1.65011024, 12.8613453, 0),
	Vector3.new(-1.81364822, 13.3123894, 0),
	Vector3.new(-1.70144749, 13.7228842, 0),
	Vector3.new(-1.24506283, 13.9270754, 0),
	Vector3.new(-0.868551254, 13.9861155, 0),
	Vector3.new(-0.539654732, 14.1470137, 0),
	Vector3.new(-0.386039734, 14.11691, 0),
	Vector3.new(-0.278697014, 14.98388, 0),
	Vector3.new(-2.76970196, 16.4273338, 0),
	Vector3.new(-2.92422438, 15.2414722, 0),
	Vector3.new(-2.93059397, 14.331604, 0),
	Vector3.new(-3.02993822, 13.6530075, 0),
	Vector3.new(-3.17860651, 13.1846237, 0),
	Vector3.new(-3.36090851, 12.862833, 0),
	Vector3.new(-3.35246325, 12.1566229, 0),
	Vector3.new(-3.42737865, 11.6549454, 0),
	Vector3.new(-3.58240843, 11.4192467, 0),
	Vector3.new(-3.96065903, 11.2592773, 0),
	Vector3.new(-4.10349751, 11.150321, 0),
	Vector3.new(-4.22497749, 10.6784992, 0),
	Vector3.new(-3.91264343, 10.0426273, 0),
	Vector3.new(-3.81332016, 9.80232525, 0),
	Vector3.new(-4.02849007, 9.35441494, 0),
	Vector3.new(-4.17293978, 9.13656902, 0),
	Vector3.new(-2.91490173, 8.31982231, 0),
	Vector3.new(-2.26092529, 8.17713928, 0),
	Vector3.new(-1.5897541, 7.90553284, 0),
	Vector3.new(-1.21487904, 7.87084961, 0),
	Vector3.new(-0.786170959, 7.34399986, 0),
	Vector3.new(-0.5529809, 6.92969799, 0),
	Vector3.new(-0.367113113, 6.59965897, 0),
	Vector3.new(-0.61627388, 6.28787804, 0),
	Vector3.new(-0.972805023, 6.13789177, 0),
	Vector3.new(-1.08587456, 6.11384392, 0),
	Vector3.new(-1.24125242, 6.35016441, 0),
	Vector3.new(-1.41098118, 6.58613586, 0),
	Vector3.new(-1.59540939, 6.84157562, 0),
	Vector3.new(-1.78420067, 6.97504616, 0),
	Vector3.new(-2.09110451, 7.19088936, 0),
	Vector3.new(-2.1107235, 7.38121033, 0),
	Vector3.new(-1.78744602, 7.60051632, 0),
	Vector3.new(-1.52234602, 7.75353909, 0),
	Vector3.new(-1.24732637, 7.86627769, 0),
	Vector3.new(-0.941340446, 8.2410078, 0),
	Vector3.new(-0.581349373, 8.38045883, 0),
	Vector3.new(-0.223544121, 8.38707161, 0),
	Vector3.new(0.233950615, 8.56275654, 0),
	Vector3.new(0.603585243, 8.5119648, 0),
	Vector3.new(0.736907005, 8.1553793, 0),
	Vector3.new(0.850076675, 7.73395061, 0),
	Vector3.new(0.874134064, 7.52529812, 0),
	Vector3.new(0.713697433, 7.32569027, 0),
	Vector3.new(0.435379028, 7.09817219, 0),
	Vector3.new(0.244155884, 6.99141693, 0),
	Vector3.new(-0.213609219, 6.83063984, 0),
	Vector3.new(-0.349854469, 6.72894478, 0),
	Vector3.new(-0.0221824646, 6.87117386, 0),
	Vector3.new(0.387008667, 7.09517097, 0),
	Vector3.new(0.669675827, 7.30432224, 0),
	Vector3.new(0.893086433, 7.48328781, 0),
	Vector3.new(0.563799858, 7.21116638, 0),
	Vector3.new(0.755972862, 7.00020027, 0),
	Vector3.new(0.951458931, 6.88453293, 0),
	Vector3.new(1.57906914, 6.82006454, 0),
	Vector3.new(1.8500042, 7.03929043, 0),
	Vector3.new(1.98787308, 7.31060314, 0),
	Vector3.new(1.92620564, 7.61946011, 0),
	Vector3.new(1.82532692, 7.84208965, 0),
	Vector3.new(1.96233845, 8.04518604, 0),
	Vector3.new(2.1753521, 8.20135975, 0),
	Vector3.new(2.19797039, 8.78491974, 0),
	Vector3.new(1.58288574, 8.9255619, 0),
	Vector3.new(1.1686821, 8.86208344, 0),
	Vector3.new(0.700870514, 8.73024178, 0),
	Vector3.new(0.610125542, 8.57940674, 0),
	Vector3.new(1.04613972, 8.85050201, 0),
	Vector3.new(1.58288574, 8.9255619, 0),
	Vector3.new(1.98964596, 8.85047245, 0),
	Vector3.new(2.25058365, 8.76665974, 0),
	Vector3.new(2.45857048, 8.5845108, 0),
	Vector3.new(2.96235657, 8.61832619, 0),
	Vector3.new(3.21796799, 8.60420799, 0),
	Vector3.new(3.69497299, 8.56649017, 0),
	Vector3.new(3.850173, 8.51978779, 0),
	Vector3.new(3.98612118, 8.32093716, 0),
	Vector3.new(4.03259754, 8.12089157, 0),
	Vector3.new(3.88520813, 7.72675133, 0),
	Vector3.new(3.6821785, 7.46195412, 0),
	Vector3.new(3.54237366, 7.18239021, 0),
	Vector3.new(3.5424099, 6.83574772, 0),
	Vector3.new(3.55202866, 6.62418842, 0),
	Vector3.new(3.54576874, 7.22929573, 0),
	Vector3.new(3.20393372, 7.33586121, 0),
	Vector3.new(2.89673138, 7.45833015, 0),
	Vector3.new(2.44094086, 7.5171175, 0),
	Vector3.new(2.14669514, 7.46198273, 0),
	Vector3.new(2.0684967, 7.3324852, 0),
	Vector3.new(2.31121731, 7.52252007, 0),
	Vector3.new(2.57498646, 7.41796017, 0),
	Vector3.new(3.09682751, 7.4294672, 0),
	Vector3.new(3.46518612, 7.25327492, 0),
	Vector3.new(3.55400372, 7.22498798, 0),
	Vector3.new(3.97136307, 8.01301861, 0),
	Vector3.new(4.02857113, 8.23343945, 0),
	Vector3.new(3.83424187, 8.48632622, 0),
	Vector3.new(4.1190443, 8.54305935, 0),
	Vector3.new(4.37037659, 8.67895603, 0),
	Vector3.new(4.65199947, 8.76645947, 0),
	Vector3.new(5.67823315, 9.82793808, 0),
	Vector3.new(5.16611576, 10.2713184, 0),
	Vector3.new(4.87425423, 9.90297508, 0),
	Vector3.new(4.52676773, 9.53714943, 0),
	Vector3.new(4.15647793, 9.31170464, 0),
	Vector3.new(3.65989304, 9.16851139, 0),
	Vector3.new(3.28173637, 9.22990417, 0),
	Vector3.new(3.00753689, 9.37498665, 0),
	Vector3.new(2.73630142, 9.59021473, 0),
	Vector3.new(1.99031544, 9.80981636, 0),
	Vector3.new(1.75352383, 9.45898342, 0),
	Vector3.new(2.06480026, 9.21614933, 0),
	Vector3.new(2.22984695, 9.00396919, 0),
	Vector3.new(2.32058334, 8.88643074, 0),
	Vector3.new(2.33452702, 8.71187401, 0),
	Vector3.new(1.67616558, 8.93570328, 0),
	Vector3.new(0.92908287, 8.83742809, 0),
	Vector3.new(0.62887764, 8.65108299, 0),
	Vector3.new(0.503046989, 8.52055359, 0),
	Vector3.new(-0.221529484, 8.43335056, 0),
	Vector3.new(-0.616960049, 8.37428761, 0),
	Vector3.new(-1.1768508, 7.97348404, 0),
	Vector3.new(-1.47391129, 7.92021275, 0),
	Vector3.new(-1.65704918, 7.94649506, 0),
	Vector3.new(-2.57054472, 8.20843601, 0),
	Vector3.new(-3.0201025, 8.3197794, 0),
	Vector3.new(-4.19244051, 9.20385265, 0),
	Vector3.new(-4.84650564, 8.33226109, 0),
	Vector3.new(-5.34977055, 8.13492107, 0),
	Vector3.new(-5.41538048, 7.87693787, 0),
	Vector3.new(-5.37199783, 7.46052361, 0),
	Vector3.new(-5.39347029, 7.13284397, 0),
	Vector3.new(-5.56961346, 6.84307575, 0),
	Vector3.new(-5.70760632, 6.70108509, 0),
	Vector3.new(-5.86457253, 6.27351952, 0),
	Vector3.new(-5.96557903, 6.02267647, 0),
	Vector3.new(-6.16476202, 5.78901672, 0),
	Vector3.new(-5.85762596, 5.71781731, 0),
	Vector3.new(-5.37640238, 5.83025455, 0),
	Vector3.new(-4.99774122, 6.17098522, 0),
	Vector3.new(-4.9662776, 6.31182575, 0),
	Vector3.new(-5.13750839, 6.76250744, 0),
	Vector3.new(-4.96620941, 6.22884464, 0),
	Vector3.new(-5.32271624, 5.85430527, 0),
	Vector3.new(-5.90361595, 5.71759796, 0),
	Vector3.new(-6.12148046, 5.77133751, 0),
	Vector3.new(-6.19941092, 4.91025352, 0),
	Vector3.new(-6.35474396, 4.65670109, 0),
	Vector3.new(-6.6223774, 4.51887798, 0),
	Vector3.new(-6.91866493, 4.30330849, 0),
	Vector3.new(-7.01739788, 4.07390594, 0),
	Vector3.new(-6.96162987, 3.61458588, 0),
	Vector3.new(-6.79898167, 3.19645309, 0),
	Vector3.new(-6.50099087, 3.17287636, 0),
	Vector3.new(-6.09254122, 2.898489, 0),
	Vector3.new(-5.93744183, 2.46449089, 0),
	Vector3.new(-5.65285969, 2.15571404, 0),
	Vector3.new(-5.5017128, 1.97078705, 0),
	Vector3.new(-5.40446663, 1.90904427, 0),
	Vector3.new(-5.12477398, 2.36709213, 0),
	Vector3.new(-5.22336435, 2.55344582, 0),
	Vector3.new(-5.01082087, 2.70510101, 0),
	Vector3.new(-4.97518826, 2.70516396, 0),
	Vector3.new(-4.91442633, 3.20750618, 0),
	Vector3.new(-4.88880634, 3.62362099, 0),
	Vector3.new(-4.63652706, 3.53470612, 0),
	Vector3.new(-4.32113457, 3.15622234, 0),
	Vector3.new(-4.03452253, 2.59021378, 0),
	Vector3.new(-3.53183651, 2.21444702, 0),
	Vector3.new(-2.96582031, 1.83854675, 0),
	Vector3.new(-2.56276321, 1.49004555, 0),
	Vector3.new(-2.08782959, 1.11480904, 0),
	Vector3.new(-1.58647919, 0.713104248, 0),
	Vector3.new(-1.33377361, 0.587078094, 0),
	Vector3.new(-1.19906712, 0.797260284, 0),
	Vector3.new(-1.4465909, 1.13614082, 0),
	Vector3.new(-1.68818808, 1.73514748, 0),
	Vector3.new(-2.11778688, 2.68292999, 0),
	Vector3.new(-2.30011463, 3.25714111, 0),
	Vector3.new(-2.80287075, 4.18476295, 0),
	Vector3.new(-3.11473179, 5.16262817, 0),
	Vector3.new(-2.9033947, 4.28581238, 0),
	Vector3.new(-4.08552313, 5.60671806, 0),
	Vector3.new(-2.83886337, 4.25867748, 0),
	Vector3.new(-3.07780218, 5.13499069, 0),
	Vector3.new(-2.69358921, 5.20771599, 0),
	Vector3.new(-2.21998882, 4.00512695, 0),
	Vector3.new(-1.91230679, 3.16735744, 0),
	Vector3.new(-1.62674141, 2.68370819, 0),
	Vector3.new(-1.28206921, 2.36553955, 0),
	Vector3.new(-0.68170023, 1.89326096, 0),
	Vector3.new(-0.0687828064, 1.51132965, 0),
	Vector3.new(1.09602547, 0.998435974, 0),
	Vector3.new(1.8371973, 0.640352249, 0),
	Vector3.new(2.42397881, 0.381933212, 0),
	Vector3.new(2.75160789, 0.252006531, 0),
	Vector3.new(3.11183357, 2.42910957, 0),
	Vector3.new(2.7581501, 0.350767136, 0),
	Vector3.new(2.05403137, 1.39885139, 0),
	Vector3.new(1.55343056, 2.0694046, 0),
	Vector3.new(1.05059433, 2.75284386, 0),
	Vector3.new(0.732208252, 3.05679989, 0),
	Vector3.new(0.517841339, 3.481987, 0),
	Vector3.new(-0.94172287, 4.21529579, 0),
	Vector3.new(-2.34247255, 5.09064674, 0),
	Vector3.new(-3.35228157, 6.037117, 0),
	Vector3.new(-4.35522556, 7.0995512, 0),
	Vector3.new(-4.75914955, 7.80704308, 0),
	Vector3.new(-4.8619628, 8.35526276, 0),
	Vector3.new(-5.34909725, 8.09992218, 0),
	Vector3.new(-5.37510109, 7.61181831, 0),
	Vector3.new(-5.39410973, 7.21346283, 0),
	Vector3.new(-5.52316093, 6.89778042, 0),
	Vector3.new(-5.72571659, 6.69141102, 0),
	Vector3.new(-5.89421749, 6.19293976, 0),
	Vector3.new(-6.07096243, 5.86234474, 0),
	Vector3.new(-6.14189291, 5.76019287, 0),
	Vector3.new(-6.1633544, 5.34955215, 0),
	Vector3.new(-6.17875099, 5.01552773, 0),
	Vector3.new(-6.3213377, 4.59242058, 0),
	Vector3.new(-6.64922714, 4.46612072, 0),
	Vector3.new(-6.84847736, 4.367383, 0),
	Vector3.new(-6.99351311, 4.14727402, 0),
	Vector3.new(-6.96287346, 3.84991646, 0),
	Vector3.new(-6.92305756, 3.47835541, 0),
	Vector3.new(-7.23343658, 3.13713741, 0),
	Vector3.new(-7.32829094, 2.99155426, 0),
	Vector3.new(-7.40150642, 2.84646988, 0),
	Vector3.new(-7.65638542, 2.96227074, 0),
	Vector3.new(-7.8033638, 2.87163353, 0),
	Vector3.new(-7.94137001, 2.58164978, 0),
	Vector3.new(-7.87855625, 2.29545784, 0),
	Vector3.new(-7.67331123, 2.15535545, 0),
	Vector3.new(-7.30381203, 2.11250305, 0),
	Vector3.new(-6.92712784, 1.9763813, 0),
	Vector3.new(-6.82312775, 1.76468658, 0),
	Vector3.new(-7.19796181, 2.10704994, 0),
	Vector3.new(-7.67303181, 2.14859772, 0),
	Vector3.new(-7.84558201, 2.19399261, 0),
	Vector3.new(-8.22007179, 1.67682838, 0),
	Vector3.new(-8.62722111, 1.29608917, 0),
	Vector3.new(-8.91874886, 0.800786972, 0),
	Vector3.new(-9.18971443, 0.362535477, 0),
	Vector3.new(-9.42582893, 0.174354553, 0),
	Vector3.new(-8.95691967, 0.805093765, 0),
	Vector3.new(-8.62491131, 1.32626343, 0),
	Vector3.new(-8.22522831, 1.62997437, 0),
	Vector3.new(-8.02543926, 2.05766869, 0),
	Vector3.new(-7.85383224, 2.22894287, 0),
	Vector3.new(-7.98766518, 2.56229973, 0),
	Vector3.new(-7.82548428, 2.85791588, 0),
	Vector3.new(-7.55798912, 2.96289444, 0),
	Vector3.new(-7.38602448, 2.89608574, 0),
	Vector3.new(-6.91706467, 3.52667618, 0),
	Vector3.new(-7.02160931, 4.13961887, 0),
	Vector3.new(-6.91596603, 4.36984444, 0),
	Vector3.new(-6.51322937, 4.53304386, 0),
	Vector3.new(-6.20554781, 4.90782928, 0),
	Vector3.new(-6.17512655, 5.51438904, 0),
	Vector3.new(-6.06852055, 5.85197544, 0),
	Vector3.new(-5.7002306, 6.73174286, 0),
	Vector3.new(-5.42907095, 7.13878822, 0),
	Vector3.new(-5.3599124, 7.54646492, 0),
	Vector3.new(-5.35759258, 8.0910244, 0),
	Vector3.new(-4.78024864, 8.35487366, 0),
	Vector3.new(-4.04591084, 9.28702068, 0),
	Vector3.new(-3.82274532, 9.81659603, 0),
	Vector3.new(-4.13127804, 10.6400824, 0),
	Vector3.new(-4.21840429, 10.9941931, 0),
	Vector3.new(-4.04859877, 11.2647467, 0),
	Vector3.new(-3.68330956, 11.354948, 0),
	Vector3.new(-3.45348644, 11.7517109, 0),
	Vector3.new(-3.32987404, 12.4959583, 0),
	Vector3.new(-3.32148457, 13.0206203, 0),
	Vector3.new(-4.34631157, 13.2350464, 0),
	Vector3.new(-4.75137329, 13.4352512, 0),
	Vector3.new(-5.13651514, 13.1516132, 0),
	Vector3.new(-5.34358788, 12.8730879, 0),
	Vector3.new(-5.60353994, 12.8966751, 0),
	Vector3.new(-5.35198498, 12.8600969, 0),
	Vector3.new(-5.47823, 12.4363956, 0),
	Vector3.new(-5.55537176, 12.2658367, 0),
	Vector3.new(-5.70368147, 11.8090973, 0),
	Vector3.new(-5.80773497, 11.6149292, 0),
	Vector3.new(-6.02712154, 11.4090843, 0),
	Vector3.new(-6.72819901, 10.8115149, 0),
	Vector3.new(-7.44107342, 10.2558432, 0),
	Vector3.new(-7.84042263, 9.87614059, 0),
	Vector3.new(-8.17746639, 9.4073391, 0),
	Vector3.new(-8.34263515, 9.2151165, 0),
	Vector3.new(-8.41822052, 8.8178463, 0),
	Vector3.new(-8.4550333, 8.49784851, 0),
	Vector3.new(-8.41776752, 8.05109596, 0),
	Vector3.new(-8.31578445, 7.56366158, 0),
	Vector3.new(-8.05032444, 7.05130005, 0),
	Vector3.new(-8.04160404, 6.80611801, 0),
	Vector3.new(-8.21865368, 6.5166502, 0),
	Vector3.new(-8.39664078, 6.44284439, 0),
	Vector3.new(-8.59206963, 6.40250015, 0),
	Vector3.new(-8.75114918, 6.53534698, 0),
	Vector3.new(-8.8609581, 6.8010931, 0),
	Vector3.new(-9.01436234, 6.97340107, 0),
	Vector3.new(-9.163661, 7.11412811, 0),
	Vector3.new(-9.41364574, 7.14954567, 0),
	Vector3.new(-9.71546364, 7.08671951, 0),
	Vector3.new(-10.163516, 6.43100929, 0),
	Vector3.new(-10.5013943, 5.94089127, 0),
	Vector3.new(-10.6503115, 5.5573225, 0),
	Vector3.new(-10.5798817, 5.22496986, 0),
	Vector3.new(-10.5001535, 4.80273151, 0),
	Vector3.new(-10.1449776, 4.59987354, 0),
	Vector3.new(-10.1815138, 4.39661121, 0),
	Vector3.new(-10.5647964, 4.35758781, 0),
	Vector3.new(-10.9440918, 4.49826241, 0),
	Vector3.new(-11.0703888, 4.79561234, 0),
	Vector3.new(-11.1926498, 5.21127701, 0),
	Vector3.new(-11.2173119, 5.60320187, 0),
	Vector3.new(-11.1506119, 5.98095512, 0),
	Vector3.new(-11.4134512, 5.75536156, 0),
	Vector3.new(-11.2874088, 5.39290619, 0),
	Vector3.new(-11.1504965, 4.93191051, 0),
	Vector3.new(-11.1127176, 4.76587868, 0),
	Vector3.new(-11.2936935, 4.72510242, 0),
	Vector3.new(-11.5956421, 4.81801033, 0),
	Vector3.new(-11.7624874, 5.1287632, 0),
	Vector3.new(-11.9647579, 5.43581295, 0),
	Vector3.new(-11.9800253, 5.65169239, 0),
	Vector3.new(-11.9709225, 5.99068069, 0),
	Vector3.new(-11.9555359, 6.25284576, 0),
	Vector3.new(-11.8130541, 6.49472904, 0),
	Vector3.new(-11.5813055, 6.66763306, 0),
	Vector3.new(-11.2634029, 7.09094429, 0),
	Vector3.new(-11.0131254, 7.75674629, 0),
	Vector3.new(-10.9822206, 8.33250809, 0),
	Vector3.new(-10.9176798, 8.77522087, 0),
	Vector3.new(-10.842041, 9.14371777, 0),
	Vector3.new(-10.3733845, 9.70396233, 0),
	Vector3.new(-10.0000381, 9.9675169, 0),
	Vector3.new(-9.3227911, 10.7353859, 0),
	Vector3.new(-8.93991852, 11.3739758, 0),
	Vector3.new(-8.72694111, 11.8711319, 0),
	Vector3.new(-8.11542511, 12.7639074, 0),
	Vector3.new(-7.68383884, 13.4387808, 0),
	Vector3.new(-6.9955616, 13.962018, 0),
	Vector3.new(-6.48723793, 14.2995558, 0),
	Vector3.new(-7.57646275, 13.5334444, 0),
	Vector3.new(-7.36241627, 12.7572432, 0),
	Vector3.new(-7.24039555, 12.3322878, 0),
	Vector3.new(-6.92758083, 11.93894, 0),
	Vector3.new(-6.43519592, 11.7185955, 0),
	Vector3.new(-5.98258781, 11.60254, 0),
	Vector3.new(-6.38174725, 11.0933857, 0),
	Vector3.new(-6.6822176, 11.1287842, 0),
	Vector3.new(-7.01331806, 11.2223206, 0),
	Vector3.new(-7.35615158, 11.4989872, 0),
	Vector3.new(-7.73594952, 12.0665998, 0),
	Vector3.new(-7.89548016, 12.4463186, 0),
	Vector3.new(-8.0492897, 12.8773785, 0),
	Vector3.new(-8.45522118, 12.2140608, 0),
	Vector3.new(-8.1954689, 11.6351461, 0),
	Vector3.new(-7.72432709, 11.0608263, 0),
	Vector3.new(-7.36463928, 10.8726645, 0),
	Vector3.new(-6.88827801, 10.7006578, 0),
	Vector3.new(-7.30808067, 10.4170961, 0),
	Vector3.new(-7.68177223, 10.4040928, 0),
	Vector3.new(-7.9934206, 10.640399, 0),
	Vector3.new(-8.32746124, 10.8950243, 0),
	Vector3.new(-7.7375288, 10.4344139, 0),
	Vector3.new(-7.46594238, 10.3776312, 0),
	Vector3.new(-7.28411198, 10.3736162, 0),
	Vector3.new(-7.7170763, 10.056097, 0),
	Vector3.new(-8.2326231, 10.1336298, 0),
	Vector3.new(-8.49894428, 10.2680616, 0),
	Vector3.new(-8.80212688, 10.748992, 0),
	Vector3.new(-8.96741104, 11.1661119, 0),
	Vector3.new(-9.4296875, 10.5511322, 0),
	Vector3.new(-9.23394394, 10.1774454, 0),
	Vector3.new(-9.09095001, 9.97138309, 0),
	Vector3.new(-8.61163521, 9.72133636, 0),
	Vector3.new(-8.30631733, 9.62507343, 0),
	Vector3.new(-8.06163692, 9.62528896, 0),
	Vector3.new(-8.31471252, 9.20606804, 0),
	Vector3.new(-8.43130398, 9.00434494, 0),
	Vector3.new(-9.05147743, 9.05765724, 0),
	Vector3.new(-9.33082008, 9.23951912, 0),
	Vector3.new(-9.64727402, 9.64512348, 0),
	Vector3.new(-9.85468483, 9.9784193, 0),
	Vector3.new(-10.2501345, 9.82677746, 0),
	Vector3.new(-10.4288769, 9.67392635, 0),
	Vector3.new(-10.6090927, 9.37190723, 0),
	Vector3.new(-10.8268566, 9.10285378, 0),
	Vector3.new(-10.8454514, 8.8150568, 0),
	Vector3.new(-10.779274, 8.53776646, 0),
	Vector3.new(-10.4701109, 8.43126106, 0),
	Vector3.new(-10.0277472, 8.38330555, 0),
	Vector3.new(-9.63781071, 8.20045662, 0),
	Vector3.new(-9.45557213, 8.08175564, 0),
	Vector3.new(-8.99223804, 8.00312138, 0),
	Vector3.new(-8.6445303, 8.09518242, 0),
	Vector3.new(-8.50014114, 8.16577244, 0),
	Vector3.new(-9.3520956, 8.06667614, 0),
	Vector3.new(-9.88316441, 8.31258678, 0),
	Vector3.new(-10.3003902, 8.46856594, 0),
	Vector3.new(-10.6544924, 8.57364655, 0),
	Vector3.new(-11.0007801, 8.67967415, 0),
	Vector3.new(-11.1322565, 8.1036396, 0),
	Vector3.new(-11.1476688, 7.8167448, 0),
	Vector3.new(-11.2310534, 7.42375278, 0),
	Vector3.new(-11.4097185, 7.21442318, 0),
	Vector3.new(-11.4747448, 7.07632732, 0),
	Vector3.new(-11.6403055, 6.87031174, 0),
	Vector3.new(-11.7440577, 6.70519066, 0),
	Vector3.new(-11.7673979, 6.59945107, 0),
	Vector3.new(-11.1578455, 8.07786369, 0),
	Vector3.new(-10.8764153, 9.12656879, 0),
	Vector3.new(-9.82698059, 10.1301975, 0),
	Vector3.new(-8.84471416, 11.6085873, 0),
	Vector3.new(-8.39710426, 12.3909702, 0),
	Vector3.new(-7.95466614, 12.9594231, 0),
	Vector3.new(-7.4111557, 13.6962414, 0),
	Vector3.new(-6.47371864, 14.3162546, 0),
	Vector3.new(-5.61599684, 13.8831596, 0),
	Vector3.new(-4.9985714, 13.5725126, 0),
	Vector3.new(-4.66581249, 13.4028206, 0),
	Vector3.new(-4.08527756, 13.14814, 0),
	Vector3.new(-3.58858919, 13.0979042, 0),
	Vector3.new(-3.40092802, 13.0433979, 0),
	Vector3.new(-3.39051485, 11.9058533, 0),
	Vector3.new(-3.46175432, 11.5145235, 0),
	Vector3.new(-3.71866703, 11.2777367, 0),
	Vector3.new(-4.0477972, 11.1410418, 0),
	Vector3.new(-4.24109554, 10.9395018, 0),
	Vector3.new(-4.09379578, 10.5076933, 0),
	Vector3.new(-3.78248501, 9.99613953, 0),
	Vector3.new(-3.7660799, 9.80861092, 0),
	Vector3.new(-4.12357521, 9.20284271, 0),
	Vector3.new(-3.77897167, 8.82120705, 0),
	Vector3.new(-3.24814034, 8.49403381, 0),
	Vector3.new(-2.79669571, 8.31772327, 0),
	Vector3.new(-1.99577618, 8.0814476, 0),
	Vector3.new(-1.61521053, 7.96414375, 0),
	Vector3.new(-1.3993969, 7.98476601, 0),
	Vector3.new(-1.11048126, 8.0926609, 0),
	Vector3.new(-0.891582012, 8.20274734, 0),
	Vector3.new(-0.569181442, 8.31262016, 0),
	Vector3.new(-0.0480041504, 8.42129421, 0),
	Vector3.new(0.386413574, 8.53256798, 0),
	Vector3.new(0.58365345, 8.53022099, 0),
	Vector3.new(1.02805042, 8.82179737, 0),
	Vector3.new(1.37013435, 8.91296959, 0),
	Vector3.new(1.84456635, 8.93433762, 0),
	Vector3.new(2.14526939, 8.84483624, 0),
	Vector3.new(2.23921108, 8.81798553, 0),
	Vector3.new(2.81591606, 8.5887804, 0),
	Vector3.new(3.11655045, 8.4863224, 0),
	Vector3.new(3.66650772, 8.45616913, 0),
	Vector3.new(3.85581589, 8.42827606, 0),
	Vector3.new(4.0099926, 8.20341015, 0),
	Vector3.new(3.95884705, 8.46344757, 0),
	Vector3.new(4.35588932, 8.62402916, 0),
	Vector3.new(4.70625305, 8.78128529, 0),
	Vector3.new(4.87449741, 7.64946938, 0),
	Vector3.new(4.82683563, 7.14740562, 0),
	Vector3.new(5.1147728, 7.76779938, 0),
	Vector3.new(5.19978046, 8.07528687, 0),
	Vector3.new(5.30672932, 8.15409756, 0),
	Vector3.new(5.76701641, 8.02811813, 0),
	Vector3.new(5.84181976, 7.95511723, 0),
	Vector3.new(5.75925159, 7.68144608, 0),
	Vector3.new(5.61364937, 7.25867462, 0),
	Vector3.new(5.4340992, 6.65756226, 0),
	Vector3.new(5.25032997, 5.84423542, 0),
	Vector3.new(5.20667744, 5.47842979, 0),
	Vector3.new(5.06488514, 4.49792767, 0),
	Vector3.new(5.49144554, 4.19066048, 0),
	Vector3.new(5.84111977, 4.59513378, 0),
	Vector3.new(6.14348984, 5.11816216, 0),
	Vector3.new(6.39444923, 5.67207623, 0),
	Vector3.new(6.59402084, 6.27802181, 0),
	Vector3.new(6.70065784, 6.72068977, 0),
	Vector3.new(6.725173, 7.29424572, 0),
	Vector3.new(6.71652126, 7.89818382, 0),
	Vector3.new(6.68694878, 8.26880646, 0),
	Vector3.new(6.64615726, 8.41505718, 0),
	Vector3.new(6.12588882, 8.44355869, 0),
	Vector3.new(5.98610115, 8.03500462, 0),
	Vector3.new(6.04699326, 7.58318043, 0),
	Vector3.new(5.85250854, 7.94468594, 0),
	Vector3.new(6.12588882, 8.44355869, 0),
	Vector3.new(6.64144802, 8.35184193, 0),
	Vector3.new(6.75506592, 7.41511917, 0),
	Vector3.new(6.76188374, 6.95608521, 0),
	Vector3.new(6.5748806, 6.12970734, 0),
	Vector3.new(6.52189445, 5.88708305, 0),
	Vector3.new(6.97007561, 5.98271561, 0),
	Vector3.new(7.19576454, 6.62367058, 0),
	Vector3.new(7.21810341, 7.16295719, 0),
	Vector3.new(7.45414639, 7.24919319, 0),
	Vector3.new(7.86434269, 7.2022171, 0),
	Vector3.new(8.03418922, 7.13428783, 0),
	Vector3.new(7.81611824, 6.69956589, 0),
	Vector3.new(7.59783554, 6.42308044, 0),
	Vector3.new(7.62635899, 6.11213493, 0),
	Vector3.new(7.85838604, 5.84491825, 0),
	Vector3.new(7.57789993, 5.55403519, 0),
	Vector3.new(7.47104263, 5.17814445, 0),
	Vector3.new(7.29474831, 4.75594902, 0),
	Vector3.new(7.05404663, 4.57137585, 0),
	Vector3.new(6.62205791, 4.11566925, 0),
	Vector3.new(6.50028229, 3.76355457, 0),
	Vector3.new(7.24125671, 4.04832268, 0),
	Vector3.new(7.81220245, 4.08619881, 0),
	Vector3.new(7.91635132, 4.05943298, 0),
	Vector3.new(8.1537323, 4.9387188, 0),
	Vector3.new(8.3153019, 5.3987875, 0),
	Vector3.new(8.50734138, 5.80733299, 0),
	Vector3.new(8.77190018, 6.21279526, 0),
	Vector3.new(9.24249077, 6.72913742, 0),
	Vector3.new(9.60289574, 7.1942873, 0),
	Vector3.new(8.91702461, 7.28029537, 0),
	Vector3.new(8.45897293, 7.26038837, 0),
	Vector3.new(8.19126701, 7.28089619, 0),
	Vector3.new(8.1071806, 7.16987038, 0),
	Vector3.new(7.41155434, 7.29063225, 0),
	Vector3.new(7.22690773, 7.17422485, 0),
	Vector3.new(7.40666962, 7.7729044, 0),
	Vector3.new(7.23285675, 7.88371754, 0),
	Vector3.new(6.89175034, 7.90407753, 0),
	Vector3.new(6.72162628, 7.83420372, 0)
}
