return {
	Vector3.new(0, 0, 0),
	Vector3.new(0, -0.482711792, 0.268692017),
	Vector3.new(0, -0.638839722, 0.624629974),
	Vector3.new(0, -0.655220032, 1.07221222),
	Vector3.new(0, -0.501243591, 1.48291779),
	Vector3.new(0, -0.26764679, 1.66134644),
	Vector3.new(0, 0.201797485, 1.87614822),
	Vector3.new(0, 0.142814636, 2.2405777),
	Vector3.new(0, 0.168785095, 2.74817276),
	Vector3.new(0, 0.345550537, 3.20982742),
	Vector3.new(0, 0.694366455, 3.60580063),
	Vector3.new(0, 1.16693115, 3.85690689),
	Vector3.new(0, 1.90696716, 3.97429657),
	Vector3.new(0, 2.72123718, 3.93240738),
	Vector3.new(0, 3.43257141, 3.83665848),
	Vector3.new(0, 4.25343323, 3.5855217),
	Vector3.new(0, 5.01908112, 3.25962448),
	Vector3.new(0, 5.4513092, 2.89839935),
	Vector3.new(0, 5.66082764, 2.46086884),
	Vector3.new(0, 5.71914673, 2.15849304),
	Vector3.new(0, 5.64344025, 1.85777664),
	Vector3.new(0, 5.03954315, 2.26624298),
	Vector3.new(0, 4.32485199, 2.56074905),
	Vector3.new(0, 3.55942535, 2.81050873),
	Vector3.new(0, 2.815979, 2.94982147),
	Vector3.new(0, 2.20391846, 2.95616913),
	Vector3.new(0, 1.73254395, 2.92935562),
	Vector3.new(0, 1.49486542, 2.8755722),
	Vector3.new(0, 1.2297287, 2.75428391),
	Vector3.new(0, 0.972053528, 2.56673813),
	Vector3.new(0, 0.896522522, 2.33876419),
	Vector3.new(0, 0.932044983, 2.14974213),
	Vector3.new(0, 1.17960358, 2.32263947),
	Vector3.new(0, 1.27947235, 2.55345535),
	Vector3.new(0, 1.28710175, 2.7641449),
	Vector3.new(0, 1.46031189, 2.84118271),
	Vector3.new(0, 1.53520966, 2.67344666),
	Vector3.new(0, 1.50821686, 2.30391312),
	Vector3.new(0, 1.49124146, 2.00231552),
	Vector3.new(0, 1.3421936, 1.72198105),
	Vector3.new(0, 1.63842773, 1.44522858),
	Vector3.new(0, 2.47798157, 1.07909012),
	Vector3.new(0, 3.41668701, 0.839885712),
	Vector3.new(0, 4.16497803, 0.680568695),
	Vector3.new(0, 4.90908051, 0.747104645),
	Vector3.new(0, 5.60929108, 0.994636536),
	Vector3.new(0, 5.92988586, 1.44150543),
	Vector3.new(0, 5.99848938, 1.98485565),
	Vector3.new(0, 5.96372223, 2.65818787),
	Vector3.new(0, 5.65264893, 3.31367874),
	Vector3.new(0, 5.26879883, 3.79215622),
	Vector3.new(0, 4.79499054, 4.03548431),
	Vector3.new(0, 4.24191284, 4.16209793),
	Vector3.new(0, 3.74286652, 4.18376541),
	Vector3.new(0, 3.43714905, 4.08180237),
	Vector3.new(0, 3.5098877, 4.43835831),
	Vector3.new(0, 3.64861298, 4.69561768),
	Vector3.new(0, 3.94632721, 4.87771225),
	Vector3.new(0, 4.40464783, 4.86611938),
	Vector3.new(0, 4.98479462, 4.7550087),
	Vector3.new(0, 5.37902069, 4.45329285),
	Vector3.new(0, 5.67272186, 4.07755661),
	Vector3.new(0, 5.94599152, 3.64556122),
	Vector3.new(0, 6.24236298, 2.91358185),
	Vector3.new(0, 6.37458038, 2.29697037),
	Vector3.new(0, 6.34088898, 1.56903076),
	Vector3.new(0, 6.18186951, 0.878635406),
	Vector3.new(0, 5.91590881, 0.442993164),
	Vector3.new(0, 5.47389221, 0.14333725),
	Vector3.new(0, 4.90894318, -0.100658417),
	Vector3.new(-0.000610351563, 4.29158783, -0.209121704),
	Vector3.new(0, 3.41764832, -0.136425018),
	Vector3.new(0, 2.56526947, 0.00724029541),
	Vector3.new(0, 1.77778625, 0.34941864),
	Vector3.new(0, 1.27118683, 0.623638153),
	Vector3.new(0, 0.652282715, 1.10841751),
	Vector3.new(0, 0.307319641, 0.904499054),
	Vector3.new(0, 0.0890808105, 0.587867737),
	Vector3.new(0, 0.00155639648, 0.0632476807)
}
