return {
	Vector3.new(0, 0, 0),
	Vector3.new(0, 5.15263367, -1.13919449),
	Vector3.new(0, 5.39326477, -2.3328743),
	Vector3.new(0, 3.48819733, -1.94126892),
	Vector3.new(0, 3.53456879, -2.32210541),
	Vector3.new(0, 3.73916626, -2.6583252),
	Vector3.new(0, 4.02438354, -2.90106964),
	Vector3.new(0, 4.58295441, -3.16423035),
	Vector3.new(0, 5.2088089, -3.17058945),
	Vector3.new(0, 5.52798462, -2.88193893),
	Vector3.new(0, 5.70159149, -2.57627487),
	Vector3.new(0, 5.77393341, -1.94995117),
	Vector3.new(0, 5.6051178, -1.26478958),
	Vector3.new(0, 5.3127594, -0.728683472),
	Vector3.new(0, 4.8829422, -0.37014389),
	Vector3.new(0, 4.42642212, -0.154621124),
	Vector3.new(0, 3.92684937, -0.0646018982),
	Vector3.new(0, 3.47674561, -0.0518989563),
	Vector3.new(0, 3.21326447, -0.207618713),
	Vector3.new(0, 3.2454834, 0.131221771),
	Vector3.new(0, 3.43180084, 0.531154633),
	Vector3.new(-0.000610351563, 3.84886932, 0.718765259),
	Vector3.new(0, 4.36074829, 0.662483215),
	Vector3.new(0, 4.86116791, 0.467201233),
	Vector3.new(0, 5.32120514, -0.00950622559),
	Vector3.new(0, 5.72407532, -0.586090088),
	Vector3.new(0, 5.98944092, -1.29664612),
	Vector3.new(0, 6.12623596, -1.97058868),
	Vector3.new(0, 6.10426331, -2.54404449),
	Vector3.new(0, 5.97115326, -3.12896729),
	Vector3.new(0, 5.71523285, -3.60424423),
	Vector3.new(0, 5.27067566, -3.93492508),
	Vector3.new(0, 4.77481842, -4.03269196),
	Vector3.new(0, 4.30862427, -3.93849182),
	Vector3.new(0, 3.95043945, -3.73866653),
	Vector3.new(0, 3.45121002, -3.2447052),
	Vector3.new(0, 3.24056244, -3.52143097),
	Vector3.new(0, 2.77458191, -3.70103455),
	Vector3.new(0, 2.32196808, -3.70986557),
	Vector3.new(0, 1.77327728, -3.60377121),
	Vector3.new(0, 1.05039978, -3.42295456),
	Vector3.new(0, 0.58745575, -3.30080414),
	Vector3.new(0, 0.306228638, -3.3266716),
	Vector3.new(0, -0.0621337891, -3.61360931),
	Vector3.new(0, -0.147132874, -3.0193367),
	Vector3.new(0, -0.122695923, -2.59350586),
	Vector3.new(0, 0.0436477661, -2.30160522),
	Vector3.new(0, 0.394256592, -2.2035675),
	Vector3.new(0, 1.06803894, -2.29874802),
	Vector3.new(0, 2.21723175, -2.59873962),
	Vector3.new(0, 2.73310089, -2.63994598),
	Vector3.new(0, 3.07720184, -2.33921051),
	Vector3.new(0, 3.04860687, -1.88917542),
	Vector3.new(0, 0.00511169434, -1.22061539),
	Vector3.new(0, -0.00282287598, -0.0742301941)
}
