return {
	Vector3.new(0, 0, 0),
	Vector3.new(0, 0.2550354, 0.164840698),
	Vector3.new(0, 0.39200592, 0.50901413),
	Vector3.new(0, 0.353614807, 1.04864883),
	Vector3.new(0, 0.110862732, 1.51434708),
	Vector3.new(0, -0.337791443, 1.77458954),
	Vector3.new(-0.000610351563, -0.709976196, 1.88146973),
	Vector3.new(0, -1.19735718, 1.83613205),
	Vector3.new(0, -1.56197357, 1.61803055),
	Vector3.new(0, -1.83703613, 1.32392502),
	Vector3.new(0, -2.01758575, 0.911998749),
	Vector3.new(-0.000610351563, -2.10610199, 0.311992645),
	Vector3.new(0, -2.07308197, -0.383979797),
	Vector3.new(0, -1.91425323, -0.908679962),
	Vector3.new(0, -1.61444855, -1.46902084),
	Vector3.new(0, -1.22849274, -1.82603836),
	Vector3.new(0, -0.615386963, -2.08155823),
	Vector3.new(0, 0.112724304, -2.11962891),
	Vector3.new(0, 0.778190613, -1.87343979),
	Vector3.new(0, 1.39025116, -1.47217178),
	Vector3.new(0, 2.06417084, -0.690296173),
	Vector3.new(0, 2.45207977, -0.427253723),
	Vector3.new(0, 2.83181, -0.30210495),
	Vector3.new(0, 3.22982025, -0.312702179),
	Vector3.new(0, 3.55047607, -0.49407196),
	Vector3.new(0, 3.68480682, -0.751552582),
	Vector3.new(0, 3.70518494, -1.14742279),
	Vector3.new(0, 3.61593628, -1.45503616),
	Vector3.new(0, 3.39182281, -1.59141159),
	Vector3.new(0, 3.1489563, -1.63774109),
	Vector3.new(0, 2.94377136, -1.60132599),
	Vector3.new(0, 2.70518494, -1.53348923),
	Vector3.new(0, 2.47322083, -1.3255806),
	Vector3.new(0, 2.33667755, -1.49814606),
	Vector3.new(0, 2.36526489, -1.78223801),
	Vector3.new(0, 2.50486755, -2.0672226),
	Vector3.new(0, 2.79055786, -2.25744629),
	Vector3.new(0, 3.13822174, -2.30044174),
	Vector3.new(0, 3.42287445, -2.26706314),
	Vector3.new(0, 3.7457962, -2.0772934),
	Vector3.new(0, 3.97093964, -1.77607346),
	Vector3.new(0, 4.0860672, -1.33705902),
	Vector3.new(-0.000610351563, 4.11019135, -0.910560608),
	Vector3.new(0, 4.02687836, -0.376502991),
	Vector3.new(0, 3.87566376, 0.0383529663),
	Vector3.new(0, 3.60686493, 0.406799316),
	Vector3.new(0, 3.27339935, 0.736190796),
	Vector3.new(0, 2.90048981, 0.926761627),
	Vector3.new(0, 2.54466248, 0.988876343),
	Vector3.new(0, 2.18936157, 0.954177856),
	Vector3.new(0, 1.78078461, 0.749874115),
	Vector3.new(0, 1.31076813, 0.288505554),
	Vector3.new(0, 0.268432617, -0.561233521),
	Vector3.new(0, -0.309570313, -0.771881104),
	Vector3.new(0, -0.803688049, -0.755542755),
	Vector3.new(0, -1.33703613, -0.615383148),
	Vector3.new(0, -1.60014343, -0.269710541),
	Vector3.new(0, -1.68915558, 0.197814941),
	Vector3.new(0, -1.6129837, 0.562393188),
	Vector3.new(0, -1.38718414, 0.829711914),
	Vector3.new(0, -1.02401733, 0.975307465),
	Vector3.new(0, -0.588676453, 0.914981842),
	Vector3.new(0, -0.203147888, 0.655395508),
	Vector3.new(0, -0.0714569092, 0.387195587),
	Vector3.new(0, -0.0393676758, 0.0278434753)
}
