return {
	Vector3.new(0, 0, 0),
	Vector3.new(0, 5.36304474, -1.16366577),
	Vector3.new(0, 5.35591888, -0.579998016),
	Vector3.new(0, 5.15563965, -0.0108451843),
	Vector3.new(0, 4.7827301, 0.282588959),
	Vector3.new(0, 4.33533478, 0.46006012),
	Vector3.new(0, 3.61340332, 0.512260437),
	Vector3.new(0, 3.21305847, 0.373596191),
	Vector3.new(0, 3.24954224, 0.707836151),
	Vector3.new(0, 3.37770081, 1.02778244),
	Vector3.new(0, 3.71689606, 1.21672058),
	Vector3.new(-0.000610351563, 4.22777557, 1.25355911),
	Vector3.new(0, 4.73270416, 1.1108017),
	Vector3.new(0, 5.26994324, 0.783874512),
	Vector3.new(0, 5.5562439, 0.504302979),
	Vector3.new(0, 5.89942169, -0.159107208),
	Vector3.new(0, 6.10218811, -0.864776611),
	Vector3.new(-0.000610351563, 6.13110352, -1.68691635),
	Vector3.new(0, 5.97113037, -3.26856232),
	Vector3.new(0, 5.9854126, -4.11752701),
	Vector3.new(0, 6.11572266, -4.61088181),
	Vector3.new(0, 5.50970459, -4.40389252),
	Vector3.new(0, 5.10929871, -4.19103241),
	Vector3.new(0, 5.02384949, -3.80344772),
	Vector3.new(0, 5.03807068, -3.3331871),
	Vector3.new(0, 5.12352753, -2.79263306),
	Vector3.new(0, 5.23773193, -2.30866623),
	Vector3.new(0, 0.00889587402, -1.20758057),
	Vector3.new(-0.000610351563, -0.0317840576, -0.0729942322)
}
