
return {
	Vector3.new(0, 0, 0),
	Vector3.new(0, 0.399986267, -0.0816192627),
	Vector3.new(0, 0.171340942, 0.223327637),
	Vector3.new(0, 0.0197525024, 0.630691528),
	Vector3.new(0, 0.0476837158, 1.21498871),
	Vector3.new(0, 0.328392029, 1.7360878),
	Vector3.new(0, 0.72341156, 2.00192642),
	Vector3.new(0, 1.49646759, 2.2216568),
	Vector3.new(0, 2.66465759, 2.17016983),
	Vector3.new(0, 3.74908447, 1.91082382),
	Vector3.new(0, 4.48609161, 1.60463333),
	Vector3.new(0, 5.09398651, 1.29157257),
	Vector3.new(0, 5.63584137, 0.920886993),
	Vector3.new(0, 5.46029663, 1.61168289),
	Vector3.new(0, 5.0916748, 2.03614426),
	Vector3.new(0, 4.58076477, 2.30344772),
	Vector3.new(0, 4.14472198, 2.40861893),
	Vector3.new(0, 3.5376358, 2.46164703),
	Vector3.new(0, 3.27575684, 2.33625031),
	Vector3.new(0, 3.30899048, 2.70098114),
	Vector3.new(0, 3.5281601, 3.07731247),
	Vector3.new(0, 3.98804474, 3.18151474),
	Vector3.new(0, 4.51772308, 3.11928177),
	Vector3.new(0, 5.02361298, 2.81277847),
	Vector3.new(0, 5.44168091, 2.338871),
	Vector3.new(0, 5.83127594, 1.53803635),
	Vector3.new(0, 6.05234528, 0.83082962),
	Vector3.new(0, 6.13166046, 0.256164551),
	Vector3.new(0, 6.13252258, -0.265628815),
	Vector3.new(0, 5.44509888, 0.126132965),
	Vector3.new(0, 4.38139343, 0.626358032),
	Vector3.new(0, 3.1452713, 0.993114471),
	Vector3.new(0, 2.20967865, 1.15392685),
	Vector3.new(0, 1.35956573, 1.11504364),
	Vector3.new(0, 0.832344055, 0.877323151),
	Vector3.new(0, 0.604629517, 0.506195068),
	Vector3.new(0, 0.733970642, 0.0930976868),
	Vector3.new(0, 1.22058868, -0.285007477),
	Vector3.new(0, 6.11891937, -1.37563324),
	Vector3.new(0, 6.08197021, -2.47621155),
	Vector3.new(-0.000610351563, -0.0261001587, -1.21513748),
	Vector3.new(-0.000610351563, -0.0338821411, -0.0203857422)
}
