
return {
	Vector3.new(0, 0, 0),
	Vector3.new(0, 5.62504578, 0.0349769592),
	Vector3.new(0, 5.26895905, 0.71780014),
	Vector3.new(0, 4.69551086, 1.20192719),
	Vector3.new(0, 4.02547455, 1.36598969),
	Vector3.new(0, 3.50320435, 1.38787079),
	Vector3.new(0, 3.19009399, 1.26293564),
	Vector3.new(0, 3.26829529, 1.65998459),
	Vector3.new(0, 3.46984863, 1.96046448),
	Vector3.new(0, 3.92502594, 2.12281418),
	Vector3.new(0, 4.5340271, 1.99760437),
	Vector3.new(0, 5.11045837, 1.69350433),
	Vector3.new(0, 5.48580933, 1.1964798),
	Vector3.new(0, 5.80740356, 0.659503937),
	Vector3.new(0, 6.04423523, -0.116001129),
	Vector3.new(-0.000610351563, 6.14547729, -0.719417572),
	Vector3.new(0, 6.13018799, -1.05878067),
	Vector3.new(0, 1.10643005, -1.16738129),
	Vector3.new(0, 6.08816528, -2.89198303),
	Vector3.new(0, 6.10933685, -3.47213364),
	Vector3.new(-0.000610351563, -0.0301437378, -1.20337677),
	Vector3.new(-0.000610351563, -0.0302581787, -0.042591095)
}
