return {
	Vector3.new(0, 0, 0),
	Vector3.new(0, 5.59996033, -0.00888061523),
	Vector3.new(0, 5.27776337, 0.66998291),
	Vector3.new(0, 4.79125977, 1.15697098),
	Vector3.new(0, 4.05247498, 1.36668396),
	Vector3.new(0, 3.54598999, 1.34072113),
	Vector3.new(0, 3.26146698, 1.23429871),
	Vector3.new(0, 3.28523254, 1.57979584),
	Vector3.new(0, 3.47614288, 1.92320251),
	Vector3.new(0, 3.96283722, 2.12596893),
	Vector3.new(0, 4.43748474, 2.02296829),
	Vector3.new(0, 5.00369263, 1.70942307),
	Vector3.new(0, 5.4932251, 1.22600174),
	Vector3.new(0, 5.79229736, 0.695747375),
	Vector3.new(0, 6.01527405, 0.0640335083),
	Vector3.new(0, 6.1229248, -0.471717834),
	Vector3.new(-0.000610351563, 6.15650177, -1.0348053),
	Vector3.new(0, 1.11566925, -1.11714935),
	Vector3.new(0, 6.0798645, -2.87354088),
	Vector3.new(0, 6.08364105, -3.914217),
	Vector3.new(0, 1.13873291, -3.98687744),
	Vector3.new(0, 6.05960083, -5.74699783),
	Vector3.new(0, 6.03567505, -6.29324532),
	Vector3.new(-0.000610351563, -0.0248413086, -4.08897018),
	Vector3.new(-0.000610351563, -0.0245056152, -2.85251999),
	Vector3.new(0, 4.00951385, -2.78979111),
	Vector3.new(-0.000610351563, -0.00932312012, -1.23643494),
	Vector3.new(-0.000610351563, -0.00897216797, -0.0245323181)
}
