return {
	Vector3.new(0, 0, 0),
	Vector3.new(0, 2.65677643, -1.55774307),
	Vector3.new(0, 5.55365753, -0.911186218),
	Vector3.new(0, 5.35948944, -0.437332153),
	Vector3.new(0, 4.92766571, -0.0583648682),
	Vector3.new(0, 4.44316864, 0.160316467),
	Vector3.new(0, 3.86190033, 0.286815643),
	Vector3.new(0, 3.42613983, 0.304702759),
	Vector3.new(0, 3.23371124, 0.184791565),
	Vector3.new(0, 3.24947357, 0.522399902),
	Vector3.new(0, 3.42842102, 0.841861725),
	Vector3.new(0, 3.86179352, 1.03466415),
	Vector3.new(0, 4.4651413, 0.945533752),
	Vector3.new(0, 5.01299286, 0.633621216),
	Vector3.new(0, 5.40226746, 0.231456757),
	Vector3.new(0, 5.74209595, -0.318092346),
	Vector3.new(0, 5.96786499, -1.01947021),
	Vector3.new(0, 6.1158371, -1.71497345),
	Vector3.new(0, 6.09897614, -2.15669632),
	Vector3.new(0, 4.47325897, -2.55584717),
	Vector3.new(0, 6.04653168, -3.46384811),
	Vector3.new(0, 6.0584259, -4.02165985),
	Vector3.new(0, 3.62419891, -2.72531891),
	Vector3.new(0, -0.00688171387, -3.52389145),
	Vector3.new(-0.000610351563, -0.0336456299, -2.18975449),
	Vector3.new(0, 1.97265625, -1.74020004),
	Vector3.new(0, 0.00658416748, -0.554080963),
	Vector3.new(0, 0.00370025635, -0.0250930786)
}
