return {
	Vector3.new(0, 0, 0),
	Vector3.new(0, 2.50429535, -0.550193787),
	Vector3.new(0, 5.57023621, 0.25189209),
	Vector3.new(0, 5.41398621, 0.641155243),
	Vector3.new(0, 4.94326782, 1.11265182),
	Vector3.new(0, 4.42579651, 1.36299133),
	Vector3.new(0, 3.93180847, 1.46726227),
	Vector3.new(0, 3.53668976, 1.47949219),
	Vector3.new(0, 3.26758575, 1.37902069),
	Vector3.new(0, 3.25193024, 1.71162415),
	Vector3.new(0, 3.48665619, 2.04146194),
	Vector3.new(0, 3.89958191, 2.19991684),
	Vector3.new(0, 4.40467072, 2.14897156),
	Vector3.new(0, 4.99716187, 1.8866539),
	Vector3.new(0, 5.33743286, 1.54016495),
	Vector3.new(0, 5.75975037, 0.909263611),
	Vector3.new(0, 6.02574158, 0.273757935),
	Vector3.new(-0.000610351563, 6.16106415, -0.480079651),
	Vector3.new(-0.000610351563, 6.16082764, -0.983234406),
	Vector3.new(0, 3.21966553, -1.67786407),
	Vector3.new(0, 6.07106781, -2.88829041),
	Vector3.new(0, 6.07082367, -3.4270153),
	Vector3.new(0, 2.5378952, -1.88663673),
	Vector3.new(0, 0.0221176147, -1.37547874),
	Vector3.new(0, 0.0152664185, -0.0799293518)
}
