
return {
	Vector3.new(0, 0, 0),
	Vector3.new(0, 5.73638916, -2.85286713),
	Vector3.new(0, 5.72597504, -1.71491241),
	Vector3.new(0, 5.63982391, -1.45953369),
	Vector3.new(0, 5.42190552, -1.54950905),
	Vector3.new(0, 5.11657715, -1.48087692),
	Vector3.new(0, 4.95880127, -1.28496361),
	Vector3.new(0, 4.91453552, -0.977458954),
	Vector3.new(0, 5.07807922, -0.733755112),
	Vector3.new(0, 5.35757446, -0.638454437),
	Vector3.new(0, 5.73762512, -0.699577332),
	Vector3.new(0, 5.93690491, -0.901735306),
	Vector3.new(0, 6.10108948, -1.22303963),
	Vector3.new(-0.000610351563, 6.16986847, -4.40255737),
	Vector3.new(0, 0.497169495, -1.56759453),
	Vector3.new(0, 0.491996765, -2.79587555),
	Vector3.new(0, 0.511558533, -3.08643723),
	Vector3.new(0, 0.619697571, -3.21523285),
	Vector3.new(0, 0.7759552, -3.06921387),
	Vector3.new(0, 1.0379715, -3.06716156),
	Vector3.new(0, 1.28647614, -3.21409225),
	Vector3.new(0, 1.3728714, -3.4358654),
	Vector3.new(0, 1.31134033, -3.73026848),
	Vector3.new(0, 1.05993652, -3.918396),
	Vector3.new(0, 0.74118042, -3.92837524),
	Vector3.new(0, 0.403793335, -3.80273247),
	Vector3.new(0, 0.203392029, -3.57474136),
	Vector3.new(0, 0.0396118164, -3.23942375),
	Vector3.new(0, 0.0216445923, -2.84447098),
	Vector3.new(-0.000610351563, -0.0264663696, -0.00930404663)
}
