return {
	Vector3.new(5.06637287, 0.0495281219, 0),
	Vector3.new(4.99894381, 6.17017078, 0),
	Vector3.new(4.98688412, 6.66863537, 0),
	Vector3.new(4.27597237, 6.82126427, 0),
	Vector3.new(4.94886541, 6.83794022, 0),
	Vector3.new(3.57194281, 8.19128036, 0),
	Vector3.new(5.46900177, 7.0759573, 0),
	Vector3.new(5.49422741, 8.91840649, 0),
	Vector3.new(5.47338963, 7.16077232, 0),
	Vector3.new(7.64065647, 10.6046247, 0),
	Vector3.new(5.64043045, 7.11899281, 0),
	Vector3.new(7.44463015, 8.2071352, 0),
	Vector3.new(5.7787838, 6.98174477, 0),
	Vector3.new(5.48026943, 7.07560158, 0),
	Vector3.new(3.56005716, 8.19176483, 0),
	Vector3.new(4.97920418, 6.75281525, 0),
	Vector3.new(5.02723694, 6.05233097, 0),
	Vector3.new(5.52149105, 5.75195313, 0),
	Vector3.new(7.96080637, 0.0603103638, 0),
	Vector3.new(11.3488159, 0.0596065521, 0),
	Vector3.new(10.2198334, 4.94339371, 0),
	Vector3.new(9.03831291, 9.27188492, 0),
	Vector3.new(8.14836884, 11.5773115, 0),
	Vector3.new(7.02223396, 13.6469631, 0),
	Vector3.new(6.66789627, 13.9157753, 0),
	Vector3.new(5.48949146, 13.9289026, 0),
	Vector3.new(5.31871223, 13.6268892, 0),
	Vector3.new(4.70129299, 13.1744652, 0),
	Vector3.new(5.06331968, 10.7868614, 0),
	Vector3.new(6.0069499, 10.9483757, 0),
	Vector3.new(6.69516277, 11.4581614, 0),
	Vector3.new(6.01443005, 10.9486446, 0),
	Vector3.new(5.12070751, 10.7370529, 0),
	Vector3.new(4.56961393, 10.653986, 0),
	Vector3.new(5.05506992, 10.7687912, 0),
	Vector3.new(4.89968014, 11.7032156, 0),
	Vector3.new(4.22246838, 11.5074205, 0),
	Vector3.new(3.1661284, 11.5186644, 0),
	Vector3.new(4.22830105, 11.5410957, 0),
	Vector3.new(4.90034962, 11.6950397, 0),
	Vector3.new(4.70178413, 13.2129593, 0),
	Vector3.new(4.05880928, 13.2237759, 0),
	Vector3.new(3.61606884, 13.5534534, 0),
	Vector3.new(2.40128851, 12.8822289, 0),
	Vector3.new(0.836480975, 11.9419308, 0),
	Vector3.new(0.198625207, 11.235384, 0),
	Vector3.new(0.0508295298, 10.9045115, 0),
	Vector3.new(0.497281432, 5.46442318, 0),
	Vector3.new(0.923855901, 2.0950985, 0),
	Vector3.new(1.13765645, 0.0359668732, 0),
	Vector3.new(5.03858805, 0.0368747711, 0),
	Vector3.new(1.16876268, 0.0567169189, 0),
	Vector3.new(-2.37072182, 0.0292568207, 0),
	Vector3.new(-5.90386772, 0.0579662323, 0),
	Vector3.new(-11.4608583, 0.0770168304, 0),
	Vector3.new(-10.2225542, 2.34722996, 0),
	Vector3.new(-9.15437508, 4.36790943, 0),
	Vector3.new(-8.18433094, 6.7722559, 0),
	Vector3.new(-7.17137146, 9.35479355, 0),
	Vector3.new(-6.46591473, 11.5586376, 0),
	Vector3.new(-5.64571571, 14.4679375, 0),
	Vector3.new(-5.47487307, 16.1252918, 0),
	Vector3.new(-5.32252741, 18.3965302, 0),
	Vector3.new(-5.15370941, 20.3926792, 0),
	Vector3.new(-4.76872063, 21.9440269, 0),
	Vector3.new(-4.02362776, 23.1450615, 0),
	Vector3.new(-3.34374762, 23.7680779, 0),
	Vector3.new(-3.14555597, 23.9216881, 0),
	Vector3.new(-2.99073935, 24.4318886, 0),
	Vector3.new(-2.54379559, 24.7240696, 0),
	Vector3.new(-1.92834163, 24.6865044, 0),
	Vector3.new(-1.86581326, 24.3876228, 0),
	Vector3.new(-1.93181944, 24.1804371, 0),
	Vector3.new(-2.37176824, 23.9611549, 0),
	Vector3.new(-2.97688198, 23.9550648, 0),
	Vector3.new(-3.39533567, 23.7047424, 0),
	Vector3.new(-4.01505184, 23.1990318, 0),
	Vector3.new(-4.73300648, 22.0047531, 0),
	Vector3.new(-4.73778915, 20.8439445, 0),
	Vector3.new(-4.35117674, 19.7968903, 0),
	Vector3.new(-3.69982624, 18.7878094, 0),
	Vector3.new(-2.49390531, 17.4784203, 0),
	Vector3.new(-1.79910564, 16.9979115, 0),
	Vector3.new(-1.80580258, 16.8509254, 0),
	Vector3.new(-1.1506176, 15.6851549, 0),
	Vector3.new(-0.521587133, 14.2157984, 0),
	Vector3.new(-0.441298008, 13.090332, 0),
	Vector3.new(-0.00237250328, 10.8998852, 0),
	Vector3.new(-0.396504402, 12.9230518, 0),
	Vector3.new(0.299763203, 13.7053204, 0),
	Vector3.new(1.5359962, 14.4086037, 0),
	Vector3.new(2.96564198, 15.2316437, 0),
	Vector3.new(3.11442375, 14.3447809, 0),
	Vector3.new(3.62640476, 13.601758, 0),
	Vector3.new(3.11248541, 14.3193073, 0),
	Vector3.new(3.02662659, 15.3529377, 0),
	Vector3.new(3.68361974, 15.945323, 0),
	Vector3.new(4.64322758, 15.9029446, 0),
	Vector3.new(5.03702116, 15.6234484, 0),
	Vector3.new(5.32621861, 15.0641098, 0),
	Vector3.new(5.43449306, 14.435545, 0),
	Vector3.new(5.44059277, 13.8929491, 0),
	Vector3.new(5.41492224, 14.6008959, 0),
	Vector3.new(5.2315836, 15.2613087, 0),
	Vector3.new(5.03044224, 15.6092424, 0),
	Vector3.new(6.45303535, 15.7551594, 0),
	Vector3.new(7.08699369, 13.7581615, 0),
	Vector3.new(6.49313831, 15.7556229, 0),
	Vector3.new(6.39891434, 16.2315693, 0),
	Vector3.new(5.95343065, 17.0207005, 0),
	Vector3.new(5.63059616, 17.2585945, 0),
	Vector3.new(5.09615898, 18.5373192, 0),
	Vector3.new(7.05254745, 18.6943893, 0),
	Vector3.new(8.08886528, 19.7595768, 0),
	Vector3.new(8.12059879, 20.6671638, 0),
	Vector3.new(7.33023691, 21.9100056, 0),
	Vector3.new(6.14799929, 22.4177094, 0),
	Vector3.new(5.31823874, 23.0660973, 0),
	Vector3.new(4.47579002, 23.8540382, 0),
	Vector3.new(3.61473131, 24.3930969, 0),
	Vector3.new(3.73638606, 24.7266579, 0),
	Vector3.new(2.3126111, 24.9137516, 0),
	Vector3.new(1.53279567, 25.0326214, 0),
	Vector3.new(0.513793468, 25.2350044, 0),
	Vector3.new(0.612897158, 24.8466702, 0),
	Vector3.new(0.724837542, 24.7464161, 0),
	Vector3.new(1.31910825, 23.9346199, 0),
	Vector3.new(2.18326664, 22.7035065, 0),
	Vector3.new(2.13859177, 22.2962151, 0),
	Vector3.new(1.13827014, 22.2989216, 0),
	Vector3.new(0.711925745, 22.9627056, 0),
	Vector3.new(0.120091438, 24.0828438, 0),
	Vector3.new(-0.671477795, 24.1806946, 0),
	Vector3.new(-1.47024536, 24.0349884, 0),
	Vector3.new(-1.95309663, 23.5101357, 0),
	Vector3.new(-2.54010081, 23.387949, 0),
	Vector3.new(-3.16682911, 23.3598118, 0),
	Vector3.new(-3.66016293, 23.3605404, 0),
	Vector3.new(-2.99977589, 23.9099712, 0),
	Vector3.new(-2.31520271, 23.9304962, 0),
	Vector3.new(-1.87296987, 24.2228012, 0),
	Vector3.new(-1.91536522, 24.772747, 0),
	Vector3.new(-1.40513253, 24.4217453, 0),
	Vector3.new(-0.610043049, 24.6049843, 0),
	Vector3.new(-0.178668737, 24.6117344, 0),
	Vector3.new(0.345874071, 24.4144993, 0),
	Vector3.new(1.28392553, 22.9091892, 0),
	Vector3.new(1.41624618, 22.9389, 0),
	Vector3.new(0.497377157, 24.414463, 0),
	Vector3.new(0.580627203, 24.7999496, 0),
	Vector3.new(0.463834286, 25.2089386, 0),
	Vector3.new(-0.20772624, 24.7529755, 0),
	Vector3.new(-0.38863039, 24.6461525, 0),
	Vector3.new(-0.857429743, 24.5951653, 0),
	Vector3.new(-1.38814569, 24.4208794, 0),
	Vector3.new(-1.95837712, 24.8008919, 0),
	Vector3.new(-2.17837262, 24.7868195, 0),
	Vector3.new(-2.50302696, 24.7120743, 0),
	Vector3.new(-3.00327015, 24.3930912, 0),
	Vector3.new(-3.11330605, 23.9023323, 0),
	Vector3.new(-3.64614773, 23.4338531, 0),
	Vector3.new(-3.05979681, 23.3513889, 0),
	Vector3.new(-2.22841263, 22.4351292, 0),
	Vector3.new(-2.08970308, 22.185709, 0),
	Vector3.new(-2.81474495, 22.0907154, 0),
	Vector3.new(-3.33552885, 21.6787605, 0),
	Vector3.new(-3.77947187, 21.1659679, 0),
	Vector3.new(-3.75213623, 20.7860241, 0),
	Vector3.new(-3.79069471, 20.4919758, 0),
	Vector3.new(-3.64728308, 20.2830658, 0),
	Vector3.new(-3.31909561, 20.326931, 0),
	Vector3.new(-3.07876968, 20.7690678, 0),
	Vector3.new(-2.84155893, 21.1627102, 0),
	Vector3.new(-2.45038176, 21.2776337, 0),
	Vector3.new(-2.87498379, 21.1786652, 0),
	Vector3.new(-3.15081406, 20.6812668, 0),
	Vector3.new(-3.356318, 20.2736855, 0),
	Vector3.new(-3.26064301, 20.0779934, 0),
	Vector3.new(-3.03693581, 20.0088348, 0),
	Vector3.new(-2.79692054, 20.2721272, 0),
	Vector3.new(-2.54449749, 20.5849476, 0),
	Vector3.new(-2.22786665, 20.6729355, 0),
	Vector3.new(-1.94565582, 20.6870117, 0),
	Vector3.new(-2.17290473, 20.4662895, 0),
	Vector3.new(-2.49514008, 20.1850548, 0),
	Vector3.new(-2.71462178, 19.9014854, 0),
	Vector3.new(-2.74119568, 19.6396713, 0),
	Vector3.new(-2.58226323, 19.5519485, 0),
	Vector3.new(-2.12185979, 19.736084, 0),
	Vector3.new(-1.81688666, 20.1008797, 0),
	Vector3.new(-1.56414771, 20.21031, 0),
	Vector3.new(-1.28979921, 20.279808, 0),
	Vector3.new(-0.271158695, 20.8126106, 0),
	Vector3.new(-0.628409505, 21.2658463, 0),
	Vector3.new(-1.20806456, 21.5617599, 0),
	Vector3.new(-1.51012278, 21.7404175, 0),
	Vector3.new(-2.05653048, 22.1855335, 0),
	Vector3.new(-1.50870514, 21.6858234, 0),
	Vector3.new(-0.670569539, 21.2873688, 0),
	Vector3.new(-0.314790845, 20.8352757, 0),
	Vector3.new(-0.0630507469, 20.9050751, 0),
	Vector3.new(0.344036341, 20.7433472, 0),
	Vector3.new(0.816335201, 20.2369423, 0),
	Vector3.new(1.11019492, 19.4215775, 0),
	Vector3.new(1.07565498, 18.8581619, 0),
	Vector3.new(1.00428987, 18.2168064, 0),
	Vector3.new(0.763534784, 18.1036682, 0),
	Vector3.new(-0.0755798817, 17.554409, 0),
	Vector3.new(-0.538164139, 17.2222404, 0),
	Vector3.new(-1.03738213, 16.9925575, 0),
	Vector3.new(-1.46877265, 16.977457, 0),
	Vector3.new(-1.75512552, 16.9559898, 0),
	Vector3.new(-1.0463016, 16.9856129, 0),
	Vector3.new(-0.556735992, 17.2037659, 0),
	Vector3.new(0.0455260277, 17.6443768, 0),
	Vector3.new(0.776329815, 18.0724773, 0),
	Vector3.new(1.00213432, 18.2670746, 0),
	Vector3.new(2.09963822, 19.1744652, 0),
	Vector3.new(2.88341212, 19.9021645, 0),
	Vector3.new(3.66993523, 20.7033348, 0),
	Vector3.new(3.91232109, 20.9065876, 0),
	Vector3.new(4.41936207, 21.4234085, 0),
	Vector3.new(4.73365879, 21.4663239, 0),
	Vector3.new(4.87269497, 20.3773079, 0),
	Vector3.new(4.97600412, 19.5534668, 0),
	Vector3.new(4.89136457, 18.5815887, 0),
	Vector3.new(4.74713898, 18.3085041, 0),
	Vector3.new(4.2767458, 18.2954578, 0),
	Vector3.new(3.53040957, 18.4402275, 0),
	Vector3.new(2.83653855, 18.4058895, 0),
	Vector3.new(2.18030119, 18.2981739, 0),
	Vector3.new(0.998477697, 18.2475834, 0),
	Vector3.new(1.06162548, 19.4137516, 0),
	Vector3.new(0.840693712, 20.2575779, 0),
	Vector3.new(0.298694849, 20.7940731, 0),
	Vector3.new(-0.159682512, 20.9459782, 0),
	Vector3.new(1.01671886, 21.5810032, 0),
	Vector3.new(2.14533901, 22.0829144, 0),
	Vector3.new(2.77811933, 22.2974682, 0),
	Vector3.new(4.08461952, 22.3735561, 0),
	Vector3.new(4.4533639, 22.1962357, 0),
	Vector3.new(4.44693279, 22.0702286, 0),
	Vector3.new(4.64510345, 22.1062813, 0),
	Vector3.new(4.76889372, 22.0231094, 0),
	Vector3.new(4.77413559, 21.8684425, 0),
	Vector3.new(5.03446102, 21.9047852, 0),
	Vector3.new(5.23785496, 21.8942604, 0),
	Vector3.new(5.34780025, 21.6854362, 0),
	Vector3.new(5.33602715, 21.4864616, 0),
	Vector3.new(4.80196285, 21.501339, 0),
	Vector3.new(6.56729317, 21.6651993, 0),
	Vector3.new(4.7419076, 21.4897385, 0),
	Vector3.new(5.01562738, 19.5856838, 0),
	Vector3.new(4.94999123, 18.6124973, 0),
	Vector3.new(5.08061171, 18.5478344, 0),
	Vector3.new(7.07907391, 18.7117004, 0),
	Vector3.new(8.09721184, 19.7839775, 0),
	Vector3.new(8.10763168, 20.6417313, 0),
	Vector3.new(7.31005812, 22.0131035, 0),
	Vector3.new(6.19882631, 22.4025497, 0),
	Vector3.new(4.50628281, 23.8697739, 0),
	Vector3.new(3.61292005, 24.3937054, 0),
	Vector3.new(3.70710349, 24.742794, 0),
	Vector3.new(0.48014164, 25.2664909, 0),
	Vector3.new(0.271296382, 25.7035275, 0),
	Vector3.new(0.00310146809, 26.4446144, 0),
	Vector3.new(0.0451444387, 26.8758469, 0),
	Vector3.new(0.470163584, 27.3654099, 0),
	Vector3.new(0.502103925, 29.2487907, 0),
	Vector3.new(0.336237133, 29.6054382, 0),
	Vector3.new(0.213341832, 30.428112, 0),
	Vector3.new(0.0782856941, 31.1088486, 0),
	Vector3.new(-0.17356813, 31.7335663, 0),
	Vector3.new(-0.717703938, 32.3582954, 0),
	Vector3.new(-1.34903193, 32.7241821, 0),
	Vector3.new(-2.36660266, 32.8041534, 0),
	Vector3.new(-3.23115635, 32.4453697, 0),
	Vector3.new(-3.85598516, 31.5919724, 0),
	Vector3.new(-4.18945503, 30.6065979, 0),
	Vector3.new(-4.16866875, 29.5160313, 0),
	Vector3.new(-4.00738811, 28.6617718, 0),
	Vector3.new(-4.14414406, 28.302475, 0),
	Vector3.new(-4.00516319, 27.9205818, 0),
	Vector3.new(-3.76220179, 27.4031181, 0),
	Vector3.new(-3.40940142, 27.2591515, 0),
	Vector3.new(-2.95376444, 26.9464645, 0),
	Vector3.new(-2.62720895, 26.4877243, 0),
	Vector3.new(-2.25074005, 25.8347645, 0),
	Vector3.new(-2.09827209, 25.264328, 0),
	Vector3.new(-2.13299322, 24.8347054, 0),
	Vector3.new(-1.40675879, 24.3670578, 0),
	Vector3.new(-0.86699748, 24.5713615, 0),
	Vector3.new(-0.328910351, 24.635294, 0),
	Vector3.new(-0.803197861, 25.1772461, 0),
	Vector3.new(-1.18473077, 25.7109833, 0),
	Vector3.new(-1.71542072, 26.1722488, 0),
	Vector3.new(-1.2324872, 25.7841454, 0),
	Vector3.new(-0.570425272, 24.9919891, 0),
	Vector3.new(-0.312501669, 24.6907482, 0),
	Vector3.new(-0.135189295, 24.8394165, 0),
	Vector3.new(-0.0260944366, 25.1682072, 0),
	Vector3.new(-0.0517673492, 25.6377068, 0),
	Vector3.new(-0.0551698208, 25.0049114, 0),
	Vector3.new(-0.114682674, 24.8126488, 0),
	Vector3.new(0.474913597, 25.3007622, 0),
	Vector3.new(0.141720772, 26.0846386, 0),
	Vector3.new(-0.0118451118, 26.4949741, 0),
	Vector3.new(-0.00600862503, 26.8318768, 0),
	Vector3.new(-0.364210844, 26.6999397, 0),
	Vector3.new(-0.782552958, 26.6967087, 0),
	Vector3.new(-1.49224377, 26.7568588, 0),
	Vector3.new(-2.30474329, 26.9620399, 0),
	Vector3.new(-2.8306427, 27.4123917, 0),
	Vector3.new(-3.31850052, 28.0488491, 0),
	Vector3.new(-3.71145487, 28.6154881, 0),
	Vector3.new(-3.95872593, 28.9926147, 0),
	Vector3.new(-4.06890774, 29.1958599, 0),
	Vector3.new(-4.21708202, 30.613018, 0),
	Vector3.new(-3.91225147, 31.5959854, 0),
	Vector3.new(-3.27566576, 32.4733467, 0),
	Vector3.new(-2.35579515, 32.7709427, 0),
	Vector3.new(-1.37625837, 32.7045708, 0),
	Vector3.new(-0.712483168, 32.3888283, 0),
	Vector3.new(-0.124261379, 31.7709236, 0),
	Vector3.new(0.115786791, 31.0234261, 0),
	Vector3.new(0.20873189, 30.6074886, 0),
	Vector3.new(-0.0750207901, 30.5850754, 0),
	Vector3.new(-0.355861545, 30.7189293, 0),
	Vector3.new(-0.807569027, 30.7252731, 0),
	Vector3.new(-0.946772575, 30.6322136, 0),
	Vector3.new(-0.87074852, 30.3105888, 0),
	Vector3.new(-0.477688074, 29.9016533, 0),
	Vector3.new(0.00252056122, 29.9596405, 0),
	Vector3.new(0.0773897171, 30.400444, 0),
	Vector3.new(-0.0750207901, 30.5850754, 0),
	Vector3.new(-0.755113006, 30.7483978, 0),
	Vector3.new(-0.90614295, 30.6134529, 0),
	Vector3.new(-0.873331547, 30.4204063, 0),
	Vector3.new(-1.16600513, 30.4864235, 0),
	Vector3.new(-1.00881696, 30.0303288, 0),
	Vector3.new(-0.790527582, 29.7214088, 0),
	Vector3.new(-0.788485765, 29.5620594, 0),
	Vector3.new(-0.894675732, 29.3887711, 0),
	Vector3.new(-1.05508995, 29.2969475, 0),
	Vector3.new(-0.811083317, 29.5107651, 0),
	Vector3.new(-0.79013896, 29.6911068, 0),
	Vector3.new(-0.92397356, 29.9421692, 0),
	Vector3.new(-1.1413002, 30.4751453, 0),
	Vector3.new(-1.6067214, 30.399128, 0),
	Vector3.new(-1.83816576, 30.5634155, 0),
	Vector3.new(-2.25584412, 30.4863739, 0),
	Vector3.new(-2.59635448, 30.2875519, 0),
	Vector3.new(-2.74241471, 30.0504284, 0),
	Vector3.new(-2.65661907, 29.7883739, 0),
	Vector3.new(-2.31668782, 29.7393513, 0),
	Vector3.new(-2.09001064, 29.7935925, 0),
	Vector3.new(-1.75891447, 30.0016022, 0),
	Vector3.new(-1.58483362, 30.3978615, 0)
}
