--hacker text

return {
	Vector3.new(0, 0, 0),
	Vector3.new(0.00317382813, 10.818079, -0.0391693115),
	Vector3.new(0, 11.1941586, -2.32110596),
	Vector3.new(0.00317382813, 7.20586586, -2.36106873),
	Vector3.new(0.00317382813, 7.66111755, -2.78309631),
	Vector3.new(0.00317382813, 7.95883179, -3.36502075),
	Vector3.new(0.00317382813, 8.04695892, -4.22635651),
	Vector3.new(0.00317382813, 7.84206009, -5.02561951),
	Vector3.new(0.00317382813, 7.35070801, -5.63433075),
	Vector3.new(0.00317382813, 6.68556595, -6.01903534),
	Vector3.new(0.00317382813, 5.58187675, -6.28012848),
	Vector3.new(0.00317382813, 2.62703133, -6.20942688),
	Vector3.new(0.00317382813, 1.89787102, -6.30484772),
	Vector3.new(0.00317382813, 1.60560417, -6.54135132),
	Vector3.new(0.00317382813, 1.4449482, -6.93006897),
	Vector3.new(0.00317382813, 1.52922249, -7.47597504),
	Vector3.new(0.00317382813, 1.89696121, -7.8107605),
	Vector3.new(0.00317382813, 2.33010483, -7.94942474),
	Vector3.new(0.00317382813, 3.26419067, -7.86271667),
	Vector3.new(0.00317382813, 4.39635849, -7.86497498),
	Vector3.new(0.00317382813, 5.37096214, -8.06404114),
	Vector3.new(0.00317382813, 6.34828568, -8.42481995),
	Vector3.new(0.00317382813, 7.14922905, -8.91820526),
	Vector3.new(0.00317382813, 7.71496582, -9.61795807),
	Vector3.new(0, 8.09939957, -10.6980438),
	Vector3.new(0.00317382813, 8.03353882, -11.5477982),
	Vector3.new(0.00317382813, 7.6845417, -12.0784607),
	Vector3.new(0.00317382813, 7.1822834, -12.3916016),
	Vector3.new(0.00317382813, 7.95585251, -12.3733444),
	Vector3.new(0.00317382813, 7.99347115, -14.6412125),
	Vector3.new(0.00317382813, 2.18771935, -14.6951828),
	Vector3.new(0.00317382813, 1.66691589, -14.7786331),
	Vector3.new(0.00317382813, 1.43339157, -15.0768051),
	Vector3.new(0.00317382813, 1.41281891, -15.6181946),
	Vector3.new(0.00317382813, 1.71984291, -16.1737595),
	Vector3.new(0.00317382813, 2.14944839, -16.4056702),
	Vector3.new(0.00317382813, 2.72760963, -16.294693),
	Vector3.new(0.00317382813, 4.2641983, -16.3064117),
	Vector3.new(0.00317382813, 5.76874733, -16.5611572),
	Vector3.new(0.00317382813, 6.69798851, -17.0058212),
	Vector3.new(0.00317382813, 7.62285233, -17.8854523),
	Vector3.new(0.00317382813, 8.02912521, -19.0778885),
	Vector3.new(0.00317382813, 7.90504837, -20.4617081),
	Vector3.new(0.00317382813, 7.34458542, -21.3429565),
	Vector3.new(0.00317382813, 6.57998085, -21.6481476),
	Vector3.new(0.00317382813, 5.88421059, -21.6285477),
	Vector3.new(0.00317382813, 5.47019386, -21.4081421),
	Vector3.new(0.00317382813, 5.29710197, -21.1489487),
	Vector3.new(0.00317382813, 5.45039177, -20.4007874),
	Vector3.new(0.00317382813, 6.46669197, -20.3975754),
	Vector3.new(0.00317382813, 7.0074501, -20.2181244),
	Vector3.new(0.00317382813, 7.2014904, -19.8065109),
	Vector3.new(0.00317382813, 6.98826599, -19.2614441),
	Vector3.new(0.00317382813, 6.36227226, -18.9043579),
	Vector3.new(0.00317382813, 4.80985641, -18.5775452),
	Vector3.new(0.00317382813, 2.9382782, -18.552536),
	Vector3.new(0.00317382813, 1.87146568, -18.7825165),
	Vector3.new(0.00317382813, 1.34531593, -19.2928772),
	Vector3.new(0.00317382813, 1.13864517, -20.4312973),
	Vector3.new(0.00317382813, 1.57789612, -21.5636826),
	Vector3.new(0.00317382813, 2.45912933, -22.3790512),
	Vector3.new(0.00317382813, 2.88366127, -22.6012344),
	Vector3.new(0.00317382813, 10.839056, -22.6598892),
	Vector3.new(0.00317382813, 11.1701412, -24.9451904),
	Vector3.new(0.00317382813, 5.55965614, -24.9743423),
	Vector3.new(0.00317382813, 7.92933273, -27.5261993),
	Vector3.new(0.00317382813, 7.96961403, -29.0371323),
	Vector3.new(0.00317382813, 5.78094101, -26.4487228),
	Vector3.new(0.00317382813, 5.77992821, -26.9539413),
	Vector3.new(0.00317382813, 5.68413544, -27.6432037),
	Vector3.new(0.00317382813, 5.33616829, -28.3956223),
	Vector3.new(0.00317382813, 4.77886963, -28.8587189),
	Vector3.new(0.00317382813, 3.96673584, -29.1214905),
	Vector3.new(0.00317382813, 2.08342552, -29.0674515),
	Vector3.new(0.00317382813, 1.63862991, -29.2171021),
	Vector3.new(0.00317382813, 1.44484901, -29.6380234),
	Vector3.new(0.00317382813, 1.47422218, -30.2220383),
	Vector3.new(0.00317382813, 1.71287537, -30.5738754),
	Vector3.new(0.00317382813, 2.12739754, -30.7907639),
	Vector3.new(0.00317382813, 2.66906357, -30.7970657),
	Vector3.new(0.00317382813, 3.642416, -30.7725296),
	Vector3.new(0.00317382813, 4.34856415, -30.7446213),
	Vector3.new(0.00317382813, 5.22938156, -30.881134),
	Vector3.new(0.00317382813, 6.01014519, -31.1044769),
	Vector3.new(0.00317382813, 6.74583626, -31.5187149),
	Vector3.new(0.00317382813, 7.40208435, -32.1204605),
	Vector3.new(0.00317382813, 7.82675362, -32.8577042),
	Vector3.new(0.00317382813, 8.02542305, -33.6621857),
	Vector3.new(0.00317382813, 8.0276413, -34.5292587),
	Vector3.new(0.00317382813, 7.75570297, -35.3576126),
	Vector3.new(0.00317382813, 7.1497097, -35.9207458),
	Vector3.new(0.00317382813, 6.3417511, -36.1647491),
	Vector3.new(0.00317382813, 5.42116547, -36.1092224),
	Vector3.new(0.00317382813, 4.65147209, -35.6762314),
	Vector3.new(0.00317382813, 3.97647285, -35.092186),
	Vector3.new(0.00317382813, 3.611866, -34.4729614),
	Vector3.new(0.00317382813, 3.31055832, -33.635231),
	Vector3.new(0.00317382813, 3.2134037, -33.0233154),
	Vector3.new(0.00317382813, 4.01335335, -33.2123871),
	Vector3.new(0.00317382813, 4.21706581, -33.859024),
	Vector3.new(0.00317382813, 4.8940239, -34.5537109),
	Vector3.new(0.00317382813, 5.80621719, -34.8666611),
	Vector3.new(0.00317382813, 6.51721954, -34.911972),
	Vector3.new(0.00317382813, 7.01930237, -34.7065353),
	Vector3.new(0.00317382813, 7.20336723, -34.3331223),
	Vector3.new(0.00317382813, 7.0701313, -33.8982315),
	Vector3.new(0.00317382813, 6.47815895, -33.4876556),
	Vector3.new(0.00317382813, 5.54324341, -33.2256393),
	Vector3.new(0.00317382813, 4.80471039, -33.0873032),
	Vector3.new(0.00317382813, 4.03338814, -33.0713043),
	Vector3.new(0.00317382813, 3.95272827, -33.1925278),
	Vector3.new(0.00317382813, 3.20939827, -33.0157623),
	Vector3.new(0.00317382813, 2.30546379, -33.1061554),
	Vector3.new(0.00317382813, 1.56705666, -33.4851837),
	Vector3.new(0.00317382813, 1.20510101, -34.2109222),
	Vector3.new(0.00317382813, 1.26606178, -35.0967789),
	Vector3.new(0.00317382813, 1.5572052, -35.8741837),
	Vector3.new(0.00317382813, 2.00805473, -36.4597244),
	Vector3.new(0.00317382813, 2.79690552, -37.0763779),
	Vector3.new(0.00317382813, 7.95009613, -37.1164169),
	Vector3.new(0.00317382813, 7.96975708, -39.3656082),
	Vector3.new(0.00317382813, 7.05901146, -39.3797836),
	Vector3.new(0.00317382813, 7.54600143, -39.927269),
	Vector3.new(0.00317382813, 7.94862938, -40.5698547),
	Vector3.new(0.00317382813, 8.01369858, -41.3229599),
	Vector3.new(0.00317382813, 7.74011803, -41.9112244),
	Vector3.new(0.00317382813, 7.15292358, -42.3411331),
	Vector3.new(0.00317382813, 6.44475746, -42.4684067),
	Vector3.new(0.00317382813, 5.93083572, -42.2440262),
	Vector3.new(0.00317382813, 5.69983482, -41.7849274),
	Vector3.new(0.00317382813, 5.74691582, -41.2614594),
	Vector3.new(0.00317382813, 5.99362946, -40.8686981),
	Vector3.new(0.00317382813, 6.42547035, -40.7009735),
	Vector3.new(0.00317382813, 6.64656258, -40.4614334),
	Vector3.new(0.00317382813, 6.63678169, -40.0965271),
	Vector3.new(0.00317382813, 6.06990623, -39.396843),
	Vector3.new(0.00317382813, 0.0544319153, -39.3055115),
	Vector3.new(0.00317382813, 0.0149002075, -37.0926971),
	Vector3.new(0.00317382813, 1.71097183, -37.0525055),
	Vector3.new(0.00317382813, 0.925430298, -36.4250565),
	Vector3.new(0.00317382813, 0.406402588, -35.7355804),
	Vector3.new(0.00317382813, 0.038564682, -34.8072586),
	Vector3.new(0.00317382813, -0.0953865051, -33.8663025),
	Vector3.new(0.00317382813, 0.0603103638, -32.6112747),
	Vector3.new(0.00317382813, 0.398572922, -31.9217529),
	Vector3.new(0.00317382813, 0.801054001, -31.4315414),
	Vector3.new(0.00317382813, 1.19911575, -31.1809158),
	Vector3.new(0.00317382813, 0.666109085, -30.8272858),
	Vector3.new(0.00317382813, 0.147642136, -30.2993546),
	Vector3.new(0, -0.117940903, -29.5666504),
	Vector3.new(0, -0.131656647, -28.6931458),
	Vector3.new(0.00317382813, 0.116889954, -27.9923325),
	Vector3.new(0.00317382813, 0.726581573, -27.2800522),
	Vector3.new(0.00317382813, 1.7511692, -26.9226837),
	Vector3.new(0.00317382813, 3.82943916, -26.9245453),
	Vector3.new(0.00317382813, 4.26878548, -26.6819839),
	Vector3.new(0.00317382813, 4.53705215, -26.1917877),
	Vector3.new(0.00317382813, 4.44043541, -25.5545349),
	Vector3.new(0.00317382813, 4.11042786, -25.1764755),
	Vector3.new(0.00317382813, 3.64114761, -24.9673843),
	Vector3.new(0.00317382813, 0.0369987488, -25.0038223),
	Vector3.new(0.00317382813, 0.0407772064, -22.6606445),
	Vector3.new(0.00317382813, 1.69117355, -22.6915131),
	Vector3.new(0.00317382813, 0.87477684, -21.9115677),
	Vector3.new(0.00317382813, 0.369024277, -21.1248856),
	Vector3.new(0.00317382813, 0.0291919708, -20.3369675),
	Vector3.new(0.00317382813, -0.137216568, -19.3287811),
	Vector3.new(0.00317382813, 0.00199127197, -18.27034),
	Vector3.new(0.00317382813, 0.357263565, -17.5228348),
	Vector3.new(0.00317382813, 0.843790054, -16.9698563),
	Vector3.new(0.00317382813, 1.2274189, -16.749527),
	Vector3.new(0.00317382813, 0.545173645, -16.3083725),
	Vector3.new(0.00317382813, 0.0111751556, -15.446991),
	Vector3.new(0.00317382813, -0.123146057, -14.4888763),
	Vector3.new(0.00317382813, 0.0299873352, -13.6995468),
	Vector3.new(0.00317382813, 0.251436234, -13.3211899),
	Vector3.new(0.00317382813, 0.803676605, -12.9166336),
	Vector3.new(0.00317382813, 1.30483055, -12.675621),
	Vector3.new(0.00317382813, 2.5375576, -12.3911667),
	Vector3.new(0.00317382813, 6.61388016, -12.3458862),
	Vector3.new(0.00317382813, 6.96328163, -11.9164886),
	Vector3.new(0.00317382813, 6.95811653, -11.3709412),
	Vector3.new(0.00317382813, 6.64827156, -10.884758),
	Vector3.new(0.00317382813, 6.0511322, -10.5706635),
	Vector3.new(0.00317382813, 5.05183792, -10.3543701),
	Vector3.new(0.00317382813, 4.05788803, -10.1717682),
	Vector3.new(0.00317382813, 2.92520332, -10.1797104),
	Vector3.new(0.00317382813, 1.92005348, -10.472023),
	Vector3.new(0.00317382813, 1.58489609, -10.703186),
	Vector3.new(0.00317382813, 1.44449234, -11.135376),
	Vector3.new(0.00317382813, 1.53486633, -11.721405),
	Vector3.new(0.00317382813, 1.91520882, -12.1077957),
	Vector3.new(0.00317382813, 2.35941505, -12.3741684),
	Vector3.new(0.00317382813, 1.22439957, -12.6379471),
	Vector3.new(0.00317382813, 0.649179459, -12.2733994),
	Vector3.new(0.00317382813, 0.038066864, -11.5127411),
	Vector3.new(0.00317382813, -0.103096008, -10.7450943),
	Vector3.new(0.00317382813, -0.101125717, -10.157608),
	Vector3.new(0.00317382813, 0.170183182, -9.41983795),
	Vector3.new(0.00317382813, 0.519054413, -8.88232422),
	Vector3.new(0.00317382813, 1.22532845, -8.33863831),
	Vector3.new(0.00317382813, 0.614664078, -7.93434143),
	Vector3.new(0.00317382813, 0.173274994, -7.5366745),
	Vector3.new(0, -0.134656906, -6.72084045),
	Vector3.new(0.00317382813, -0.110326767, -5.71352386),
	Vector3.new(0.00317382813, 0.350938797, -4.93333435),
	Vector3.new(0.00317382813, 0.939428329, -4.48384094),
	Vector3.new(0.00317382813, 1.65466118, -4.210289),
	Vector3.new(0.00317382813, 2.47435188, -4.08927155),
	Vector3.new(0.00317382813, 5.59293938, -4.05423737),
	Vector3.new(0.00317382813, 6.13088608, -3.85594177),
	Vector3.new(0.00317382813, 6.51537132, -3.44203186),
	Vector3.new(0.00317382813, 6.49995613, -2.91674805),
	Vector3.new(0.00317382813, 6.02553749, -2.57069397),
	Vector3.new(0.00317382813, 5.15032196, -2.30770874),
	Vector3.new(0.00317382813, -0.00904083252, -2.32331848),
	Vector3.new(0.00317382813, 0.0266666412, -0.10899353)
}
