--spongebob 3 meme

return {
	Vector3.new(0, 0, 0),
	Vector3.new(0, -0.730386734, -0.0589637756),
	Vector3.new(0, -1.19156075, -0.311439514),
	Vector3.new(0, -1.37639809, -1.06847382),
	Vector3.new(0, -1.51725388, -2.06156921),
	Vector3.new(0, -1.28292179, -2.18806458),
	Vector3.new(0, -1.62122631, -2.76800919),
	Vector3.new(0, -1.86431313, -3.60557556),
	Vector3.new(0, -1.80904293, -4.67656326),
	Vector3.new(0, -1.26404381, -5.48003006),
	Vector3.new(0, -0.468183517, -5.83875656),
	Vector3.new(0, 0.372879028, -5.64820862),
	Vector3.new(0, 0.927797318, -5.15731812),
	Vector3.new(0, 1.13354397, -4.48908997),
	Vector3.new(0, 1.19793797, -4.02158356),
	Vector3.new(0, 0.925076485, -3.21138),
	Vector3.new(0, 0.511051178, -2.34234619),
	Vector3.new(0, 0.262739182, -1.8211441),
	Vector3.new(0, 0.18939209, -1.18199921),
	Vector3.new(0, 0.538783073, -0.619651794),
	Vector3.new(0, 1.3106451, -1.86191177),
	Vector3.new(0, 1.99133968, -3.52484894),
	Vector3.new(0, 1.66750813, -3.5148735),
	Vector3.new(0, 1.29427719, -4.12178421),
	Vector3.new(0, 1.64548874, -4.94184875),
	Vector3.new(0, 2.16144657, -5.10074234),
	Vector3.new(0, 4.0646143, -2.73371887),
	Vector3.new(0, 3.92555618, -2.08887482),
	Vector3.new(0, 3.47889233, -1.65891647),
	Vector3.new(0, 2.97379208, -2.43729019),
	Vector3.new(0, 2.06899929, -3.45838165),
	Vector3.new(0, 2.98402882, -2.39551163),
	Vector3.new(0, 2.77297592, -1.43927383),
	Vector3.new(0, 2.77394867, -0.418823242),
	Vector3.new(0, 3.25251865, 0.162326813),
	Vector3.new(0, 4.11838818, 0.670505524),
	Vector3.new(0, 4.79597282, 0.905391693),
	Vector3.new(0, 4.68679714, 3.87756348),
	Vector3.new(0, 4.87449837, 7.8569603),
	Vector3.new(0, 5.22508621, 11.1357536),
	Vector3.new(0, 5.792274, 14.0618858),
	Vector3.new(0, 5.19902515, 10.9832802),
	Vector3.new(0, 4.97275639, 9.0837059),
	Vector3.new(0, 4.06863499, 8.67583466),
	Vector3.new(0, 3.59527302, 8.67844772),
	Vector3.new(0, 3.17701626, 9.7241478),
	Vector3.new(0, 1.27102184, 9.02595901),
	Vector3.new(0, 0.836473465, 8.97584152),
	Vector3.new(0, 0.47340107, 9.36278915),
	Vector3.new(0, -0.732204437, 12.6531639),
	Vector3.new(0, -1.72016716, 12.6428719),
	Vector3.new(0, -1.555686, 11.8760338),
	Vector3.new(0, -1.52869701, 10.9981956),
	Vector3.new(0, -1.96185017, 10.2358818),
	Vector3.new(0, -2.45278072, 10.0627098),
	Vector3.new(0, -3.08431911, 10.1974144),
	Vector3.new(0, -3.43954182, 10.8049278),
	Vector3.new(0, -3.52915668, 11.7070808),
	Vector3.new(0, -3.43144894, 12.5938606),
	Vector3.new(0, -3.20607662, 13.4008904),
	Vector3.new(0, -2.72442341, 14.1986504),
	Vector3.new(0, -1.76855087, 14.4512596),
	Vector3.new(0, -1.9109621, 14.7418861),
	Vector3.new(0, -1.46815586, 15.1862373),
	Vector3.new(0, -0.639882088, 15.7322884),
	Vector3.new(0, -0.0946521759, 15.5932732),
	Vector3.new(0, 1.05847359, 14.364048),
	Vector3.new(0, 1.18151283, 13.8040733),
	Vector3.new(0, 1.02005863, 13.3944588),
	Vector3.new(0, 0.477294922, 12.9454994),
	Vector3.new(0, 0.25031662, 13.5008812),
	Vector3.new(0, -0.159702301, 13.6818123),
	Vector3.new(0, -0.703074455, 13.3869438),
	Vector3.new(0, -0.743648529, 12.7438011),
	Vector3.new(0, -0.703197479, 13.3581276),
	Vector3.new(0, -0.186792374, 13.643734),
	Vector3.new(0, 0.241295815, 13.5007057),
	Vector3.new(0, 0.459171295, 12.9449883),
	Vector3.new(0, 1.15771961, 10.5103951),
	Vector3.new(0, 0.937423706, 10.432972),
	Vector3.new(0, 0.63155365, 10.1368446),
	Vector3.new(0, 0.913063049, 10.4586754),
	Vector3.new(0, 3.78207493, 11.2627144),
	Vector3.new(0, 4.08301067, 10.835331),
	Vector3.new(0, 4.04222965, 10.0572548),
	Vector3.new(0, 3.209095, 9.7416954),
	Vector3.new(0, 4.0406189, 10.0837059),
	Vector3.new(0, 4.10903835, 10.8225822),
	Vector3.new(0, 3.80765629, 11.2503014),
	Vector3.new(0, 2.97027493, 11.0757256),
	Vector3.new(0, 2.92665291, 12.3447227),
	Vector3.new(0, 3.08979416, 13.0788841),
	Vector3.new(0, 3.60168457, 13.538166),
	Vector3.new(0, 4.65183258, 13.8821297),
	Vector3.new(0, 5.7881279, 14.1701775),
	Vector3.new(0, 6.16987991, 15.1164055),
	Vector3.new(0, 6.73468304, 16.2227135),
	Vector3.new(0, 7.19049358, 17.324276),
	Vector3.new(0, 7.23903465, 17.6418571),
	Vector3.new(0, 7.59708929, 17.5334663),
	Vector3.new(0, 9.09236622, 20.4574852),
	Vector3.new(0, 9.10558128, 20.9487877),
	Vector3.new(0, 9.55514336, 20.990963),
	Vector3.new(0, 12.4422035, 19.8515358),
	Vector3.new(0, 13.4603558, 20.6324043),
	Vector3.new(0, 14.4728594, 21.0841942),
	Vector3.new(0, 15.5397758, 21.2354012),
	Vector3.new(0, 15.9544687, 20.9692116),
	Vector3.new(0, 15.9590025, 20.5853996),
	Vector3.new(0, 15.5743465, 20.1463661),
	Vector3.new(0, 14.4646788, 19.9885826),
	Vector3.new(0, 13.7216005, 19.5149727),
	Vector3.new(0, 14.5534582, 20.0097542),
	Vector3.new(0, 15.5959949, 20.1908989),
	Vector3.new(0, 15.9804697, 20.6296272),
	Vector3.new(0, 16.5410385, 20.6550941),
	Vector3.new(0, 16.839426, 20.1822472),
	Vector3.new(0, 16.6904659, 19.7027168),
	Vector3.new(0, 16.2402287, 19.6873665),
	Vector3.new(0, 15.8222876, 19.5375328),
	Vector3.new(0, 15.0754747, 19.320385),
	Vector3.new(0, 14.4178829, 18.7785912),
	Vector3.new(0, 15.0324821, 19.3657875),
	Vector3.new(0, 16.2195778, 19.687664),
	Vector3.new(0, 16.6859207, 19.3966789),
	Vector3.new(0, 16.6586227, 18.917881),
	Vector3.new(0, 16.2288837, 18.7640953),
	Vector3.new(0, 15.6256571, 18.7392387),
	Vector3.new(0, 14.7676039, 18.3978386),
	Vector3.new(0, 15.2195053, 18.2920723),
	Vector3.new(0, 15.32269, 17.8295708),
	Vector3.new(0, 13.339344, 17.508625),
	Vector3.new(0, 19.1238823, 18.3013954),
	Vector3.new(0, 19.7436333, 18.182476),
	Vector3.new(0, 19.7781029, 17.6578789),
	Vector3.new(0, 19.0376015, 16.4331474),
	Vector3.new(0, 17.4308167, 14.5853386),
	Vector3.new(0, 17.1677895, 14.9143715),
	Vector3.new(0, 16.5735245, 15.315876),
	Vector3.new(0, 18.1607132, 17.0560646),
	Vector3.new(0, 17.8986473, 16.8232231),
	Vector3.new(0, 13.9951448, 16.3931999),
	Vector3.new(0, 12.6263275, 16.3301353),
	Vector3.new(0, 11.934103, 16.5683403),
	Vector3.new(0, 11.5507307, 16.9596291),
	Vector3.new(0, 11.3857384, 17.749485),
	Vector3.new(0, 11.539835, 18.6106224),
	Vector3.new(0, 11.8204298, 19.2183189),
	Vector3.new(0, 12.4135761, 19.8029671),
	Vector3.new(0, 11.7681847, 19.0410728),
	Vector3.new(0, 11.4365673, 18.135685),
	Vector3.new(0, 11.4052219, 17.4342308),
	Vector3.new(0, 11.7138443, 16.8007469),
	Vector3.new(0, 12.5132694, 16.2940941),
	Vector3.new(0, 12.3553228, 15.5865822),
	Vector3.new(0, 11.7277479, 14.6435356),
	Vector3.new(0, 12.355526, 15.5380974),
	Vector3.new(0, 12.5221634, 16.3364906),
	Vector3.new(0, 11.2466612, 16.2591209),
	Vector3.new(0, 7.5242691, 17.5582085),
	Vector3.new(0, 7.26972485, 17.5751228),
	Vector3.new(0, 6.18122387, 15.234684),
	Vector3.new(0, 6.94024038, 15.2127113),
	Vector3.new(0, 7.51208925, 14.9867058),
	Vector3.new(0, 8.04525852, 14.6934319),
	Vector3.new(0, 8.72568321, 14.7164803),
	Vector3.new(0, 9.17036152, 14.9003181),
	Vector3.new(0, 9.65614891, 14.8536797),
	Vector3.new(0, 10.2316284, 14.3435326),
	Vector3.new(0, 10.7046537, 14.3516045),
	Vector3.new(0, 11.1224413, 14.556942),
	Vector3.new(0, 11.9507227, 14.538311),
	Vector3.new(0, 12.5116692, 14.3347206),
	Vector3.new(0, 12.465929, 15.8828239),
	Vector3.new(0, 12.5547237, 13.3774071),
	Vector3.new(0, 12.5008717, 14.3758736),
	Vector3.new(0, 12.3251553, 13.9807777),
	Vector3.new(0, 12.3368101, 13.5228386),
	Vector3.new(0, 12.5014839, 13.2754097),
	Vector3.new(0, 12.918087, 13.1174965),
	Vector3.new(0, 13.2785921, 12.865818),
	Vector3.new(0, 13.7885656, 13.7531395),
	Vector3.new(0, 13.7946739, 16.336834),
	Vector3.new(0, 13.7885656, 13.7531395),
	Vector3.new(0, 14.9668465, 15.3369942),
	Vector3.new(0, 15.5755272, 15.6092796),
	Vector3.new(0, 16.4837074, 15.3936424),
	Vector3.new(0, 17.1727676, 14.9060326),
	Vector3.new(0, 17.5862999, 13.9991875),
	Vector3.new(0, 17.6401367, 12.4077415),
	Vector3.new(0, 16.6021271, 11.4171638),
	Vector3.new(0, 15.2779169, 10.5209923),
	Vector3.new(0, 14.2937136, 10.1847572),
	Vector3.new(0, 14.5518913, 9.83233261),
	Vector3.new(0, 14.4115067, 9.16415787),
	Vector3.new(0, 13.4710817, 8.48467636),
	Vector3.new(0, 12.485651, 8.2937851),
	Vector3.new(0, 11.5130672, 8.57167816),
	Vector3.new(0, 11.3029146, 8.9658165),
	Vector3.new(0, 11.2677965, 9.61605453),
	Vector3.new(0, 11.547267, 10.1927986),
	Vector3.new(0, 12.0050745, 10.5887718),
	Vector3.new(0, 12.5742245, 10.599453),
	Vector3.new(0, 12.8479109, 10.1429405),
	Vector3.new(0, 13.6993589, 10.0652657),
	Vector3.new(0, 14.234107, 10.1861153),
	Vector3.new(0, 13.2397041, 10.0396385),
	Vector3.new(0, 12.8129482, 10.2933235),
	Vector3.new(0, 12.5565062, 10.7138557),
	Vector3.new(0, 12.7007961, 11.5858803),
	Vector3.new(0, 13.2729397, 12.8477058),
	Vector3.new(0, 12.6599846, 11.5994759),
	Vector3.new(0, 12.6477871, 10.5233803),
	Vector3.new(0, 13.0169678, 10.0974693),
	Vector3.new(0, 14.3163891, 10.1391792),
	Vector3.new(0, 15.5047379, 10.5909538),
	Vector3.new(0, 15.8858404, 10.8282433),
	Vector3.new(0, 16.1555672, 10.6047783),
	Vector3.new(0, 17.2177505, 10.5371971),
	Vector3.new(0, 17.7574005, 10.3563957),
	Vector3.new(0, 18.3899384, 9.56348801),
	Vector3.new(0, 18.9485283, 9.28594589),
	Vector3.new(0, 19.9354591, 9.31415939),
	Vector3.new(0, 21.0640564, 9.41627884),
	Vector3.new(0, 21.4802284, 9.1571312),
	Vector3.new(0, 22.3997765, 8.22097778),
	Vector3.new(0, 22.8592834, 8.06783676),
	Vector3.new(0, 24.3017387, 8.3602066),
	Vector3.new(0, 25.0238228, 8.27783203),
	Vector3.new(0, 25.7206345, 7.68831253),
	Vector3.new(0, 26.0562744, 6.86611557),
	Vector3.new(0, 25.8700027, 6.14509583),
	Vector3.new(0, 25.4772911, 5.33658981),
	Vector3.new(0, 25.4333267, 4.50355911),
	Vector3.new(0, 25.8389587, 2.54878998),
	Vector3.new(0, 25.6341858, 1.83935165),
	Vector3.new(0, 25.2268448, 0.729328156),
	Vector3.new(0, 25.3245811, -0.171001434),
	Vector3.new(0, 25.6964722, -1.480896),
	Vector3.new(0, 25.5863342, -2.00834656),
	Vector3.new(0, 25.1762505, -2.9909935),
	Vector3.new(0, 25.0689621, -3.99321365),
	Vector3.new(0, 25.3762436, -5.63743973),
	Vector3.new(0, 24.9017601, -5.77352905),
	Vector3.new(0, 24.1128273, -5.56776047),
	Vector3.new(0, 23.3617134, -6.08890152),
	Vector3.new(0, 22.8299484, -7.07686996),
	Vector3.new(0, 22.590107, -8.68876266),
	Vector3.new(0, 23.3788681, -9.07550812),
	Vector3.new(0, 23.3324623, -8.26229858),
	Vector3.new(0, 23.6033859, -7.37205124),
	Vector3.new(0, 24.1440392, -6.619133),
	Vector3.new(0, 24.8629837, -6.35474777),
	Vector3.new(0, 24.8791733, -5.79616547),
	Vector3.new(0, 25.3425064, -5.7057991),
	Vector3.new(0, 26.7319374, -6.70092392),
	Vector3.new(0, 28.4826775, -7.80569839),
	Vector3.new(0, 30.1315651, -8.65544891),
	Vector3.new(0, 30.7257309, -9.14621735),
	Vector3.new(0, 31.172863, -10.2117043),
	Vector3.new(0, 31.2006721, -11.1168442),
	Vector3.new(0, 30.6981506, -11.1285515),
	Vector3.new(0, 30.4444923, -10.4203529),
	Vector3.new(0, 29.6502876, -9.59000397),
	Vector3.new(0, 28.2019234, -8.63698578),
	Vector3.new(0, 26.4594994, -7.55738831),
	Vector3.new(0, 25.6006775, -6.78351593),
	Vector3.new(0, 24.8944321, -6.41205215),
	Vector3.new(0, 25.5817375, -6.76382446),
	Vector3.new(0, 26.5937271, -7.65753937),
	Vector3.new(0, 29.2938347, -9.3278923),
	Vector3.new(0, 30.4093132, -10.3835678),
	Vector3.new(0, 30.6642227, -11.1866188),
	Vector3.new(0, 30.3311081, -11.4287186),
	Vector3.new(0, 30.1898117, -11.9078598),
	Vector3.new(0, 30.5041199, -12.4531784),
	Vector3.new(0, 31.0736122, -12.3556404),
	Vector3.new(0, 31.3401299, -11.9665413),
	Vector3.new(0, 31.3059692, -11.4123192),
	Vector3.new(0, 31.1813354, -11.2089615),
	Vector3.new(0, 31.323616, -11.9868507),
	Vector3.new(0, 30.9853096, -12.3413925),
	Vector3.new(0, 30.5225105, -12.4722519),
	Vector3.new(0, 30.2686005, -12.7566719),
	Vector3.new(0, 29.5299454, -12.9389954),
	Vector3.new(0, 28.1105385, -12.7643356),
	Vector3.new(0, 27.1446953, -12.190609),
	Vector3.new(0, 25.5275459, -11.0862274),
	Vector3.new(0, 25.2956963, -10.6363525),
	Vector3.new(0, 25.0204353, -10.0698929),
	Vector3.new(0, 24.9106369, -9.40198135),
	Vector3.new(0, 25.2244225, -8.91984558),
	Vector3.new(0, 25.8619499, -8.68774033),
	Vector3.new(0, 26.3832474, -8.75283432),
	Vector3.new(0, 25.8062706, -8.72400284),
	Vector3.new(0, 25.2061462, -8.95701218),
	Vector3.new(0, 24.9484138, -9.38366318),
	Vector3.new(0, 26.7640724, -10.6783104),
	Vector3.new(0, 26.8678474, -10.0334816),
	Vector3.new(0, 27.0461655, -9.70975113),
	Vector3.new(0, 26.8145599, -10.1593094),
	Vector3.new(0, 26.7305756, -11.0163269),
	Vector3.new(0, 26.893425, -11.2964859),
	Vector3.new(0, 26.7474937, -10.8741684),
	Vector3.new(0, 26.7819252, -10.6603432),
	Vector3.new(0, 27.3001633, -10.9208107),
	Vector3.new(0, 27.4943542, -11.1639023),
	Vector3.new(0, 27.7217026, -11.2475395),
	Vector3.new(0, 27.9132614, -11.1052589),
	Vector3.new(0, 27.7919922, -10.8448982),
	Vector3.new(0, 27.3883018, -10.8317299),
	Vector3.new(0, 27.7567253, -11.1075554),
	Vector3.new(0, 26.9795761, -10.7474785),
	Vector3.new(0, 25.0068321, -9.44006348),
	Vector3.new(0, 25.0772247, -10.0698776),
	Vector3.new(0, 25.5788116, -10.833149),
	Vector3.new(0, 25.4484291, -10.8164253),
	Vector3.new(0, 25.3206863, -10.9626198),
	Vector3.new(0, 24.1139679, -10.0875168),
	Vector3.new(0, 23.7575569, -9.94495773),
	Vector3.new(0, 23.4574051, -10.8264923),
	Vector3.new(0, 23.5179253, -12.1438942),
	Vector3.new(0, 23.7891426, -13.5395775),
	Vector3.new(0, 24.2538834, -13.7223969),
	Vector3.new(0, 24.4634438, -13.3914108),
	Vector3.new(0, 24.5232964, -12.4717064),
	Vector3.new(0, 24.3531151, -11.0133286),
	Vector3.new(0, 24.4035416, -10.3624001),
	Vector3.new(0, 25.1114426, -10.8678818),
	Vector3.new(0, 24.9808502, -11.6762428),
	Vector3.new(0, 25.0683365, -12.8057442),
	Vector3.new(0, 25.2708397, -13.7823524),
	Vector3.new(0, 25.0425339, -14.2826996),
	Vector3.new(0, 24.2901459, -14.8096962),
	Vector3.new(0, 23.8440247, -15.1410408),
	Vector3.new(0, 23.5876465, -15.8541985),
	Vector3.new(0, 23.5066223, -16.6882668),
	Vector3.new(0, 23.28936, -17.0957146),
	Vector3.new(0, 22.6400528, -17.1742592),
	Vector3.new(0, 22.4132805, -17.81287),
	Vector3.new(0, 22.1137009, -18.9057846),
	Vector3.new(0, 21.4720955, -19.6842575),
	Vector3.new(0, 20.8238068, -19.8019295),
	Vector3.new(0, 20.2567787, -19.609726),
	Vector3.new(0, 19.9718704, -18.9699478),
	Vector3.new(0, 20.3433876, -18.5411415),
	Vector3.new(0, 20.5946293, -17.832653),
	Vector3.new(0, 20.606741, -16.8509712),
	Vector3.new(0, 20.4683189, -16.1709366),
	Vector3.new(0, 20.0335102, -15.9326363),
	Vector3.new(0, 19.6929398, -16.7064934),
	Vector3.new(0, 19.7137089, -17.6406708),
	Vector3.new(0, 19.9060173, -18.2999153),
	Vector3.new(0, 20.0116634, -18.7936707),
	Vector3.new(0, 19.9356804, -18.9070168),
	Vector3.new(0, 19.6232395, -18.4738083),
	Vector3.new(0, 18.9805222, -17.8907509),
	Vector3.new(0, 19.3122025, -17.4255791),
	Vector3.new(0, 18.0018272, -18.8213615),
	Vector3.new(0, 17.3534584, -19.0223999),
	Vector3.new(0, 16.9397411, -18.7475929),
	Vector3.new(0, 16.7920341, -18.3964043),
	Vector3.new(0, 17.677412, -17.4092064),
	Vector3.new(0, 18.3860359, -17.915966),
	Vector3.new(0, 17.7047958, -17.3955841),
	Vector3.new(0, 18.1154804, -16.6615028),
	Vector3.new(0, 18.2523861, -15.9129524),
	Vector3.new(0, 19.2400932, -16.0136795),
	Vector3.new(0, 18.265995, -15.8989334),
	Vector3.new(0, 18.3233624, -15.1613426),
	Vector3.new(0, 18.2000427, -14.2421036),
	Vector3.new(0, 19.0963974, -14.1399574),
	Vector3.new(0, 18.1843967, -14.2238808),
	Vector3.new(0, 17.9380951, -13.4520073),
	Vector3.new(0, 17.440237, -12.7379608),
	Vector3.new(0, 16.4851112, -12.1049194),
	Vector3.new(0, 15.5820827, -12.0779381),
	Vector3.new(0, 14.5213709, -12.5556831),
	Vector3.new(0, 13.6979895, -13.6945572),
	Vector3.new(0, 13.219038, -14.9966698),
	Vector3.new(0, 13.1979284, -15.8977051),
	Vector3.new(0, 13.2986374, -16.7920113),
	Vector3.new(0, 13.6930742, -17.5907135),
	Vector3.new(0, 14.5526733, -18.3975067),
	Vector3.new(0, 15.2658052, -18.6976891),
	Vector3.new(0, 15.9422045, -18.7598381),
	Vector3.new(0, 16.7085915, -18.4156723),
	Vector3.new(0, 16.6011238, -17.9980354),
	Vector3.new(0, 17.0015182, -17.5231743),
	Vector3.new(0, 17.2061596, -16.9591637),
	Vector3.new(0, 17.1544762, -16.3113823),
	Vector3.new(0, 16.9456825, -15.7303505),
	Vector3.new(0, 16.5202866, -15.2091522),
	Vector3.new(0, 15.8061428, -15.0265236),
	Vector3.new(0, 15.0365763, -15.3274345),
	Vector3.new(0, 14.6599007, -15.9263535),
	Vector3.new(0, 14.5831146, -16.7566376),
	Vector3.new(0, 14.8553085, -17.4678192),
	Vector3.new(0, 15.4061518, -17.8943825),
	Vector3.new(0, 16.0301514, -18.0043182),
	Vector3.new(0, 16.5540924, -17.9465065),
	Vector3.new(0, 16.3266945, -17.2884331),
	Vector3.new(0, 15.9554758, -17.4353294),
	Vector3.new(0, 15.5937033, -17.2613487),
	Vector3.new(0, 15.3156929, -16.8303757),
	Vector3.new(0, 15.5153856, -16.3700447),
	Vector3.new(0, 16.0338993, -16.2908592),
	Vector3.new(0, 16.4215584, -16.614624),
	Vector3.new(0, 16.4888115, -17.0369873),
	Vector3.new(0, 16.2451019, -17.2593689),
	Vector3.new(0, 16.3052139, -16.6149254),
	Vector3.new(0, 16.0339584, -17.2893333),
	Vector3.new(0, 16.1373596, -16.4924431),
	Vector3.new(0, 15.8383904, -17.27528),
	Vector3.new(0, 15.9513636, -16.3689995),
	Vector3.new(0, 15.6399469, -17.1728859),
	Vector3.new(0, 15.7665548, -16.3538818),
	Vector3.new(0, 15.5175762, -16.9351616),
	Vector3.new(0, 16.002739, -17.3624802),
	Vector3.new(0, 16.3430519, -17.3030205),
	Vector3.new(0, 16.7415276, -18.4416771),
	Vector3.new(0, 15.9041548, -18.7665482),
	Vector3.new(0, 15.2652245, -18.6760712),
	Vector3.new(0, 14.5932798, -18.3956795),
	Vector3.new(0, 13.6975336, -17.5726738),
	Vector3.new(0, 13.2378283, -16.7649307),
	Vector3.new(0, 12.9186802, -16.6324272),
	Vector3.new(0, 12.6432629, -16.068203),
	Vector3.new(0, 12.8315163, -15.3819695),
	Vector3.new(0, 12.6769762, -15.9358406),
	Vector3.new(0, 12.1567726, -15.4400444),
	Vector3.new(0, 11.7924442, -15.1910591),
	Vector3.new(0, 11.9618187, -14.4568748),
	Vector3.new(0, 12.4216766, -13.3583031),
	Vector3.new(0, 13.0474606, -12.4233665),
	Vector3.new(0, 13.6510973, -11.6987457),
	Vector3.new(0, 14.2477808, -11.2434959),
	Vector3.new(0, 13.3896456, -11.9948463),
	Vector3.new(0, 12.5957584, -13.0934067),
	Vector3.new(0, 11.9346199, -14.497364),
	Vector3.new(0, 11.6858206, -15.8564339),
	Vector3.new(0, 11.2862911, -16.2854881),
	Vector3.new(0, 10.7319088, -16.4996223),
	Vector3.new(0, 10.1190023, -16.3836479),
	Vector3.new(0, 9.68753529, -15.8743134),
	Vector3.new(0, 9.52752876, -15.2144127),
	Vector3.new(0, 9.49605656, -14.2782364),
	Vector3.new(0, 9.68811989, -13.6988029),
	Vector3.new(0, 10.0273666, -12.9071541),
	Vector3.new(0, 10.7659826, -11.9267311),
	Vector3.new(0, 11.7835617, -11.0864944),
	Vector3.new(0, 12.6359692, -10.575119),
	Vector3.new(0, 14.1753845, -10.0966721),
	Vector3.new(0, 12.6638622, -10.5367088),
	Vector3.new(0, 11.4167681, -11.3619003),
	Vector3.new(0, 10.5809822, -12.1493034),
	Vector3.new(0, 9.87461758, -13.1915474),
	Vector3.new(0, 9.47756004, -14.0115433),
	Vector3.new(0, 7.43904018, -14.024128),
	Vector3.new(0, 6.37416458, -13.9139824),
	Vector3.new(0, 5.41776562, -13.3439064),
	Vector3.new(0, 4.4177351, -12.5867577),
	Vector3.new(0, 3.27785492, -11.3229065),
	Vector3.new(0, 5.20891857, -10.4811211),
	Vector3.new(0, 6.70874691, -9.68949509),
	Vector3.new(0, 7.58808565, -8.81659317),
	Vector3.new(0, 8.3972187, -7.96229935),
	Vector3.new(0, 9.21772575, -6.68931961),
	Vector3.new(0, 9.95577049, -5.19311142),
	Vector3.new(0, 10.3479319, -3.85348129),
	Vector3.new(0, 10.4294977, -1.97119904),
	Vector3.new(0, 10.1626654, -0.358280182),
	Vector3.new(0, 9.79349041, -0.171516418),
	Vector3.new(0, 9.45563698, -0.411552429),
	Vector3.new(0, 9.26817608, -1.87470245),
	Vector3.new(0, 8.82385826, -3.78847122),
	Vector3.new(0, 8.02598572, -5.823246),
	Vector3.new(0, 7.17319202, -7.75910187),
	Vector3.new(0, 6.81710339, -8.16373825),
	Vector3.new(0, 7.03395653, -8.3301239),
	Vector3.new(0, 6.9938364, -8.11128998),
	Vector3.new(0, 7.36927223, -7.54969788),
	Vector3.new(0, 7.85081673, -7.58425522),
	Vector3.new(0, 8.29261398, -8.08167648),
	Vector3.new(0, 7.32513237, -9.08944321),
	Vector3.new(0, 6.98392677, -8.71802139),
	Vector3.new(0, 6.74063683, -8.73919296),
	Vector3.new(0, 6.73601246, -9.00521469),
	Vector3.new(0, 6.37276697, -9.1434288),
	Vector3.new(0, 5.91643572, -8.83188248),
	Vector3.new(0, 5.74296665, -8.1327095),
	Vector3.new(0, 5.9940052, -7.34914017),
	Vector3.new(0, 6.65693092, -5.93220901),
	Vector3.new(0, 7.8407793, -1.99010086),
	Vector3.new(0, 8.03946304, -0.541656494),
	Vector3.new(0, 8.26681519, 0.394798279),
	Vector3.new(0, 8.53841782, 0.532276154),
	Vector3.new(0, 8.24715996, 0.381015778),
	Vector3.new(0, 7.93003893, -1.31512833),
	Vector3.new(0, 7.6487546, -2.62375641),
	Vector3.new(0, 6.54046774, -6.21363449),
	Vector3.new(0, 5.52300549, -3.19513702),
	Vector3.new(0, 4.48651791, -4.34380341),
	Vector3.new(0, 4.01217556, -4.44131851),
	Vector3.new(0, 3.43536758, -3.78492737),
	Vector3.new(0, 4.01217556, -4.44131851),
	Vector3.new(0, 4.57500172, -4.20190811),
	Vector3.new(0, 5.51503468, -3.17818069),
	Vector3.new(0, 4.78507137, 1.17577362),
	Vector3.new(0, 4.66842365, 4.03461075),
	Vector3.new(0, 4.93872738, 4.9093132),
	Vector3.new(0, 5.40794086, 5.45083618),
	Vector3.new(0, 5.99476767, 5.3466835),
	Vector3.new(0, 6.28339529, 4.74339294),
	Vector3.new(0, 6.31048298, 3.97739029),
	Vector3.new(0, 6.22296238, 2.72278595),
	Vector3.new(0, 5.81888056, 2.66602325),
	Vector3.new(0, 5.27349758, 2.91853714),
	Vector3.new(0, 5.11459255, 3.55675125),
	Vector3.new(0, 4.86899471, 4.32665253),
	Vector3.new(0, 4.76301956, 5.41542053),
	Vector3.new(0, 5.09442043, 10.4153786),
	Vector3.new(0, 5.69414616, 13.6459465),
	Vector3.new(0, 6.16948891, 15.147541),
	Vector3.new(0, 6.44655991, 14.6403236),
	Vector3.new(0, 6.73926163, 14.1983833),
	Vector3.new(0, 6.85610485, 13.7954903),
	Vector3.new(0, 6.73508787, 13.3913841),
	Vector3.new(0, 6.569664, 13.0290489),
	Vector3.new(0, 6.54308987, 12.3443413),
	Vector3.new(0, 6.9603858, 12.0601234),
	Vector3.new(0, 7.49659395, 11.9055367),
	Vector3.new(0, 7.64201355, 11.616848),
	Vector3.new(0, 7.45350647, 11.1325035),
	Vector3.new(0, 7.48211813, 10.4784813),
	Vector3.new(0, 7.76553202, 10.0395317),
	Vector3.new(0, 8.53904152, 9.66004562),
	Vector3.new(0, 9.57519531, 9.38244247),
	Vector3.new(0, 9.87425232, 8.85615158),
	Vector3.new(0, 10.0833864, 7.75847244),
	Vector3.new(0, 10.5362415, 7.25814819),
	Vector3.new(0, 10.6862717, 6.47391129),
	Vector3.new(0, 10.5798407, 5.63933182),
	Vector3.new(0, 10.422718, 4.60614395),
	Vector3.new(0, 10.0156755, 3.28450775),
	Vector3.new(0, 9.46894264, 3.09542465),
	Vector3.new(0, 8.83127975, 3.16136551),
	Vector3.new(0, 8.58545685, 4.169384),
	Vector3.new(0, 8.53455734, 4.9262886),
	Vector3.new(0, 8.77715302, 5.78941727),
	Vector3.new(0, 8.87471294, 6.30148697),
	Vector3.new(0, 9.22128773, 6.82008743),
	Vector3.new(0, 9.67222881, 7.1902504),
	Vector3.new(0, 10.1279078, 7.30298996),
	Vector3.new(0, 10.3820248, 7.09804916),
	Vector3.new(0, 10.5855494, 6.83918762),
	Vector3.new(0, 10.5364819, 7.31070328),
	Vector3.new(0, 11.1028986, 7.16289139),
	Vector3.new(0, 11.9194336, 7.16281891),
	Vector3.new(0, 12.4803486, 7.07741547),
	Vector3.new(0, 12.9201765, 6.70624924),
	Vector3.new(0, 13.156126, 6.25878525),
	Vector3.new(0, 13.3908024, 5.89562988),
	Vector3.new(0, 13.7835722, 5.5725975),
	Vector3.new(0, 14.7394142, 5.39998627),
	Vector3.new(0, 15.4840145, 5.4293251),
	Vector3.new(0, 16.3512878, 5.19863129),
	Vector3.new(0, 16.971138, 4.86915207),
	Vector3.new(0, 17.3503036, 4.27455521),
	Vector3.new(0, 17.6924, 3.84218979),
	Vector3.new(0, 18.3803024, 3.74352264),
	Vector3.new(0, 18.9563122, 3.75273132),
	Vector3.new(0, 19.56036, 3.04659271),
	Vector3.new(0, 20.1557961, 2.07367325),
	Vector3.new(0, 20.4602661, 1.15193558),
	Vector3.new(0, 20.5781975, -0.141155243),
	Vector3.new(0, 20.382782, -2.14037704),
	Vector3.new(0, 19.6244316, -3.37799835),
	Vector3.new(0, 20.3912201, -2.1023674),
	Vector3.new(0, 19.9139824, -1.71515656),
	Vector3.new(0, 19.2911186, -1.53796005),
	Vector3.new(0, 18.6533356, -1.37123489),
	Vector3.new(0, 18.5814972, 0.216407776),
	Vector3.new(0, 19.7917957, 0.286697388),
	Vector3.new(0, 20.0908585, 0.169605255),
	Vector3.new(0, 19.7201309, 0.280796051),
	Vector3.new(0, 18.5332088, 0.212364197),
	Vector3.new(0, 18.2024078, 1.18303299),
	Vector3.new(0, 17.657608, 1.98075485),
	Vector3.new(0, 16.8716373, 2.4479866),
	Vector3.new(0, 16.1542206, 2.58422089),
	Vector3.new(0, 16.0313301, 1.71421814),
	Vector3.new(0, 16.4858894, 1.51276016),
	Vector3.new(0, 16.793396, 0.999721527),
	Vector3.new(0, 16.8545799, 0.328186035),
	Vector3.new(0, 16.7239456, -0.236209869),
	Vector3.new(0, 16.3656578, -0.635669708),
	Vector3.new(0, 15.8776751, -0.844146729),
	Vector3.new(0, 15.5088663, -0.833137512),
	Vector3.new(0, 15.2145586, -0.642429352),
	Vector3.new(0, 15.4795294, -0.0306663513),
	Vector3.new(0, 15.7322235, -0.0605049133),
	Vector3.new(0, 16.1058216, 0.178222656),
	Vector3.new(0, 16.2196274, 0.629772186),
	Vector3.new(0, 16.0059185, 0.947818756),
	Vector3.new(0, 15.6177912, 0.982822418),
	Vector3.new(0, 15.3108683, 0.684703827),
	Vector3.new(0, 15.3296995, 0.280452728),
	Vector3.new(0, 15.4565592, 0.0554542542),
	Vector3.new(0, 15.4867764, 0.829727173),
	Vector3.new(0, 15.9439096, 0.82611084),
	Vector3.new(0, 16.0805435, 0.395500183),
	Vector3.new(0, 15.7449322, 0.0428504944),
	Vector3.new(0, 15.8943853, 0.706287384),
	Vector3.new(0, 15.6279325, 0.711425781),
	Vector3.new(0, 15.5755434, 0.0407562256),
	Vector3.new(0, 15.2145586, -0.642429352),
	Vector3.new(0, 14.9212818, -0.360404968),
	Vector3.new(0, 14.719718, 0.122333527),
	Vector3.new(0, 14.7112846, 0.811328888),
	Vector3.new(0, 14.9716187, 1.40288162),
	Vector3.new(0, 15.5061674, 1.75597382),
	Vector3.new(0, 16.0191135, 1.78623199),
	Vector3.new(0, 16.1296425, 2.59106064),
	Vector3.new(0, 15.6273317, 2.5642128),
	Vector3.new(0, 15.0176916, 2.24052429),
	Vector3.new(0, 14.4080935, 1.64524841),
	Vector3.new(0, 14.0696516, 0.918731689),
	Vector3.new(0, 13.6979637, -0.0977210999),
	Vector3.new(0, 13.6145773, -1.19975281),
	Vector3.new(0, 13.6482906, -2.33766556),
	Vector3.new(0, 13.7399778, -2.90846252),
	Vector3.new(0, 13.4411936, -2.5008316),
	Vector3.new(0, 12.9996824, -1.56674576),
	Vector3.new(0, 12.8133583, -0.593803406),
	Vector3.new(0, 12.8462229, 0.631515503),
	Vector3.new(0, 13.3185587, 1.74415588),
	Vector3.new(0, 13.9990129, 2.6841011),
	Vector3.new(0, 13.2188892, 1.61717987),
	Vector3.new(0, 12.8602629, 0.547100067),
	Vector3.new(0, 12.8704128, -0.853290558),
	Vector3.new(0, 13.0580368, -1.65482712),
	Vector3.new(0, 13.4859447, -2.62084579),
	Vector3.new(0, 13.8602591, -3.0455246),
	Vector3.new(0, 14.3640137, -3.87591553),
	Vector3.new(0, 15.0880585, -4.35271454),
	Vector3.new(0, 16.1857605, -4.4994545),
	Vector3.new(0, 17.0775795, -4.15568924),
	Vector3.new(0, 17.7342377, -3.44592667),
	Vector3.new(0, 17.9132767, -3.13848114),
	Vector3.new(0, 18.925827, -3.63906097),
	Vector3.new(0, 19.3022575, -4.11572647),
	Vector3.new(0, 18.7451992, -3.54087067),
	Vector3.new(0, 17.9494705, -3.08718872),
	Vector3.new(0, 18.5716248, -1.34336853),
	Vector3.new(0, 19.9900951, -1.70633316),
	Vector3.new(0, 20.3862896, -2.05290604),
	Vector3.new(0, 20.5142288, -0.298309326),
	Vector3.new(0, 20.4700203, 1.21884155),
	Vector3.new(0, 19.9444904, 2.49112701),
	Vector3.new(0, 18.9495392, 3.75209045),
	Vector3.new(0, 20.1094704, 3.82584),
	Vector3.new(0, 21.1057281, 3.67653275),
	Vector3.new(0, 21.5498466, 3.17645645),
	Vector3.new(0, 22.2756844, 3.45169067),
	Vector3.new(0, 22.6705666, 4.31577301),
	Vector3.new(0, 22.8466759, 4.84240723),
	Vector3.new(0, 23.5880928, 5.03589249),
	Vector3.new(0, 24.1696434, 5.03593063),
	Vector3.new(0, 24.4748421, 5.59471512),
	Vector3.new(0, 24.4439507, 6.22969437),
	Vector3.new(0, 24.7004509, 6.71175003),
	Vector3.new(0, 25.4324989, 7.14484406),
	Vector3.new(0, 24.672554, 6.69768143),
	Vector3.new(0, 24.4212685, 6.00026321),
	Vector3.new(0, 24.4060822, 5.46325302),
	Vector3.new(0, 24.1105881, 5.08039856),
	Vector3.new(0, 23.4284477, 5.00619888),
	Vector3.new(0, 22.8175125, 4.79760361),
	Vector3.new(0, 22.566803, 4.08742142),
	Vector3.new(0, 22.1914253, 3.39261627),
	Vector3.new(0, 21.5462379, 3.18902588),
	Vector3.new(0, 21.6423531, 2.66861343),
	Vector3.new(0, 21.3702545, 1.73662186),
	Vector3.new(0, 21.3307724, 0.384918213),
	Vector3.new(0, 21.7180786, -0.526229858),
	Vector3.new(0, 21.8000755, -1.31573486),
	Vector3.new(0, 21.5961456, -2.06076813),
	Vector3.new(0, 21.3540611, -2.50664902),
	Vector3.new(0, 21.1398354, -3.38133621),
	Vector3.new(0, 21.24226, -4.17892838),
	Vector3.new(0, 21.5714073, -4.79033279),
	Vector3.new(0, 21.5691452, -5.59336853),
	Vector3.new(0, 22.621151, -5.20661926),
	Vector3.new(0, 23.6957932, -5.13932419),
	Vector3.new(0, 24.0379333, -5.44805908),
	Vector3.new(0, 23.7120972, -5.12184143),
	Vector3.new(0, 22.5499916, -5.20515442),
	Vector3.new(0, 21.4740448, -5.70706177),
	Vector3.new(0, 20.4925537, -6.4706192),
	Vector3.new(0, 19.802639, -7.87917709),
	Vector3.new(0, 19.4793091, -9.30176926),
	Vector3.new(0, 19.7321243, -10.420536),
	Vector3.new(0, 20.287405, -11.1147842),
	Vector3.new(0, 21.3144035, -11.2404099),
	Vector3.new(0, 21.6866646, -10.1791267),
	Vector3.new(0, 22.582695, -8.75130844),
	Vector3.new(0, 23.4093285, -9.06013107),
	Vector3.new(0, 23.6062546, -9.51379776),
	Vector3.new(0, 23.9449158, -9.97689819),
	Vector3.new(0, 23.586998, -9.43233109),
	Vector3.new(0, 23.40868, -9.09984589),
	Vector3.new(0, 22.6045647, -8.73304367),
	Vector3.new(0, 22.0065117, -9.59630203),
	Vector3.new(0, 21.4774475, -10.6765137),
	Vector3.new(0, 21.3277626, -11.302742),
	Vector3.new(0, 21.1382866, -12.6075706),
	Vector3.new(0, 21.382103, -13.5879402),
	Vector3.new(0, 21.7156029, -14.3057709),
	Vector3.new(0, 21.5513268, -15.2492409),
	Vector3.new(0, 21.1621552, -16.0003128),
	Vector3.new(0, 21.1632042, -17.0109901),
	Vector3.new(0, 21.5654297, -17.818737),
	Vector3.new(0, 0.453602791, -0.189170837),
	Vector3.new(0, 21.5691833, -18.9544601)
}
