--oddy

return {
	Vector3.new(0, 0, 0),
	Vector3.new(0, 0.0838127136, 1.34073639),
	Vector3.new(0, 0.838687897, 2.56036377),
	Vector3.new(0, 1.67163467, 3.05978394),
	Vector3.new(0, 2.60045624, 3.24339294),
	Vector3.new(0, 4.34176254, 3.30258179),
	Vector3.new(0, 5.81130981, 3.03348541),
	Vector3.new(0, 6.7871933, 2.56790924),
	Vector3.new(0, 7.55023575, 1.80847168),
	Vector3.new(0, 8.0078125, 0.808540344),
	Vector3.new(-0.00473022461, 8.12769699, -0.316192627),
	Vector3.new(0, 7.18904495, -0.290008545),
	Vector3.new(0, 6.9112854, 0.258674622),
	Vector3.new(0, 6.36631393, 0.633834839),
	Vector3.new(0, 4.66837692, 1.0270462),
	Vector3.new(0, 3.09439468, 1.03697968),
	Vector3.new(0, 1.98154449, 0.695396423),
	Vector3.new(0, 1.55163956, 0.176338196),
	Vector3.new(0, 1.49333572, -0.440567017),
	Vector3.new(0, 2.18032074, -0.983833313),
	Vector3.new(0, 3.39815521, -1.35154724),
	Vector3.new(0, 4.78627777, -1.36587524),
	Vector3.new(0, 4.91054916, -1.01787567),
	Vector3.new(0, 5.32896805, -0.803131104),
	Vector3.new(0, 5.76615906, -0.745246887),
	Vector3.new(0, 6.19989777, -0.913993835),
	Vector3.new(0, 6.26927185, -1.13796234),
	Vector3.new(0, 7.03239059, -0.764419556),
	Vector3.new(0, 7.16952133, -0.343048096),
	Vector3.new(0, 8.10671997, -0.350418091),
	Vector3.new(0, 7.8355217, -1.35527802),
	Vector3.new(0, 7.4788208, -1.83981323),
	Vector3.new(0, 6.98448944, -2.19174194),
	Vector3.new(0, 6.05857086, -2.54178619),
	Vector3.new(0, 5.61727142, -2.65865326),
	Vector3.new(0, 5.76167679, -3.44514465),
	Vector3.new(0, 6.06319046, -4.09127808),
	Vector3.new(0, 6.86882019, -4.49675751),
	Vector3.new(0, 7.57135773, -5.15364838),
	Vector3.new(0, 7.96274185, -5.887146),
	Vector3.new(0, 8.14448166, -6.75604248),
	Vector3.new(0, 7.995224, -7.49014282),
	Vector3.new(0, 7.703125, -7.93847656),
	Vector3.new(0, 7.35922241, -8.21213531),
	Vector3.new(0, 10.8924294, -8.22672272),
	Vector3.new(-0.00473022461, 11.2569771, -10.5193024),
	Vector3.new(0, 2.19346237, -10.4957581),
	Vector3.new(0, 1.73492813, -10.6828003),
	Vector3.new(0, 1.51564407, -11.2262497),
	Vector3.new(0, 1.66638184, -11.9055481),
	Vector3.new(0, 2.11415482, -12.2269592),
	Vector3.new(0, 3.3737793, -12.070015),
	Vector3.new(0, 4.52055359, -12.1035767),
	Vector3.new(0, 5.5742569, -12.2917633),
	Vector3.new(0, 7.0251503, -12.9704514),
	Vector3.new(0, 7.83669281, -13.8574066),
	Vector3.new(0, 8.14016724, -14.9672318),
	Vector3.new(0, 8.08412552, -15.9501038),
	Vector3.new(0, 7.53490829, -16.4886627),
	Vector3.new(0, 7.23772812, -16.6357422),
	Vector3.new(0, 10.8860435, -16.6565475),
	Vector3.new(-0.00473022461, 11.2553864, -18.907486),
	Vector3.new(0, 2.25917435, -18.8483124),
	Vector3.new(0, 1.80527878, -19.0421066),
	Vector3.new(0, 1.5372467, -19.5084),
	Vector3.new(0, 1.66529846, -20.2801056),
	Vector3.new(0, 2.30208588, -20.7699432),
	Vector3.new(0, 8.02189636, -20.8804703),
	Vector3.new(-0.00473022461, 8.04469299, -23.0411682),
	Vector3.new(0, 2.34205627, -22.9830933),
	Vector3.new(0, 1.78144836, -23.2405777),
	Vector3.new(0, 1.55734253, -23.6660271),
	Vector3.new(0, 1.71700287, -24.1891556),
	Vector3.new(0, 2.1482811, -24.5496483),
	Vector3.new(0, 2.88274765, -24.6956406),
	Vector3.new(-0.00473022461, 8.05376816, -24.6548233),
	Vector3.new(-0.00473022461, 8.04705811, -27.0023651),
	Vector3.new(0, 0.662132263, -26.9392891),
	Vector3.new(0, 0.912895203, -27.6247482),
	Vector3.new(0, 1.54857635, -28.2130737),
	Vector3.new(0, 2.86016846, -28.60215),
	Vector3.new(0, 2.86195374, -29.2127914),
	Vector3.new(0, 2.25613022, -29.1351166),
	Vector3.new(0, 1.27076721, -28.8342934),
	Vector3.new(0, 0.467998505, -28.1971016),
	Vector3.new(0, -0.195926666, -26.9964752),
	Vector3.new(0, -1.82485199, -26.9837761),
	Vector3.new(0, -2.58813477, -26.8851433),
	Vector3.new(0, -3.29308319, -26.5158806),
	Vector3.new(0, -3.73820877, -25.9435806),
	Vector3.new(-0.00473022461, -3.94982529, -25.2057533),
	Vector3.new(0, -3.88619232, -23.9875374),
	Vector3.new(0, -3.51715088, -23.2826309),
	Vector3.new(0, -3.11584091, -22.8933411),
	Vector3.new(0, -2.73174286, -22.6786652),
	Vector3.new(0, -2.19803238, -22.5584335),
	Vector3.new(0, -1.54769897, -22.6531296),
	Vector3.new(0, -0.891441345, -23.1086655),
	Vector3.new(0, -0.324100494, -23.9257278),
	Vector3.new(0, -0.0710945129, -24.6091614),
	Vector3.new(0, -0.883995056, -24.5899811),
	Vector3.new(0, -1.25972366, -23.9069443),
	Vector3.new(0, -1.79088211, -23.4590874),
	Vector3.new(0, -2.40320206, -23.5333328),
	Vector3.new(0, -2.69914246, -23.9633446),
	Vector3.new(0, -2.54681778, -24.417923),
	Vector3.new(0, -1.99686813, -24.6859093),
	Vector3.new(0, -0.991863251, -24.7821541),
	Vector3.new(0, 0.863140106, -24.7629356),
	Vector3.new(0, 0.307498932, -24.2277946),
	Vector3.new(0, 0.0173721313, -23.6076927),
	Vector3.new(0, -0.07554245, -22.7436829),
	Vector3.new(0, 0.0770988464, -22.061058),
	Vector3.new(0, 0.411201477, -21.4794312),
	Vector3.new(0, 1.0149498, -21.0282745),
	Vector3.new(0, 0.582523346, -20.6514435),
	Vector3.new(0, 0.229671478, -19.9975586),
	Vector3.new(0, -0.0457611084, -18.9889679),
	Vector3.new(0, 0.113487244, -17.9949951),
	Vector3.new(0, 0.493030548, -17.4525299),
	Vector3.new(0, 1.34036636, -16.9835052),
	Vector3.new(0, 2.48703766, -16.6128922),
	Vector3.new(0, 6.39730835, -16.6721649),
	Vector3.new(0, 6.85783005, -16.4037552),
	Vector3.new(0, 7.02657318, -16.0731583),
	Vector3.new(0, 7.02983475, -15.6025543),
	Vector3.new(0, 6.73376465, -15.1936035),
	Vector3.new(0, 6.11934662, -14.8279724),
	Vector3.new(0, 5.18468094, -14.566658),
	Vector3.new(0, 3.91827393, -14.488533),
	Vector3.new(0, 2.94723892, -14.5051575),
	Vector3.new(0, 2.1024437, -14.6878662),
	Vector3.new(0, 1.66889191, -15.0652542),
	Vector3.new(0, 1.46789932, -15.5484467),
	Vector3.new(0, 1.6412735, -16.0731583),
	Vector3.new(0, 2.33011246, -16.5616913),
	Vector3.new(0, 1.41502762, -16.9771194),
	Vector3.new(0, 0.856189728, -16.5881805),
	Vector3.new(0, 0.338207245, -16.0962219),
	Vector3.new(0, 0.0168380737, -15.5247345),
	Vector3.new(-0.00473022461, -0.0952987671, -14.750824),
	Vector3.new(0, 0.0872268677, -13.9638214),
	Vector3.new(0, 0.553237915, -13.1419373),
	Vector3.new(0, 1.1541481, -12.6385651),
	Vector3.new(0, 0.578327179, -12.205719),
	Vector3.new(0, 0.113132477, -11.544281),
	Vector3.new(0, -0.0233383179, -10.7144394),
	Vector3.new(-0.00473022461, -0.0675315857, -10.0041962),
	Vector3.new(0, 0.231460571, -9.28714752),
	Vector3.new(0, 0.774505615, -8.75718689),
	Vector3.new(0, 1.35992432, -8.54315948),
	Vector3.new(0, 2.56694794, -8.20314789),
	Vector3.new(0, 6.61582184, -8.1674881),
	Vector3.new(0, 7.05031967, -7.82606506),
	Vector3.new(0, 7.12190628, -7.21556854),
	Vector3.new(0, 6.72475815, -6.6544342),
	Vector3.new(0, 5.98003006, -6.29569244),
	Vector3.new(0, 4.47874451, -6.06184387),
	Vector3.new(0, 3.41810608, -6.01840973),
	Vector3.new(0, 2.36187363, -6.19963837),
	Vector3.new(0, 1.7410202, -6.54063416),
	Vector3.new(0, 1.48783112, -7.06737518),
	Vector3.new(0, 1.66217041, -7.69804382),
	Vector3.new(0, 2.40840912, -8.17025757),
	Vector3.new(0, 1.38469696, -8.5712738),
	Vector3.new(0, 0.656295776, -8.05641937),
	Vector3.new(0, 0.164512634, -7.316185),
	Vector3.new(0, -0.0414772034, -6.43769836),
	Vector3.new(0, 0.0742912292, -5.56147766),
	Vector3.new(0, 0.495346069, -4.85025787),
	Vector3.new(0, 1.19621658, -4.27020264),
	Vector3.new(0, 2.34285736, -3.80686951),
	Vector3.new(0, 3.53934097, -3.67151642),
	Vector3.new(0, 5.11523819, -3.82568359),
	Vector3.new(0, 4.73718643, -2.7603302),
	Vector3.new(0, 2.87931442, -2.67848206),
	Vector3.new(0, 1.64413071, -2.27925873),
	Vector3.new(0, 0.689971924, -1.61128998),
	Vector3.new(0, 0.216274261, -0.959037781),
	Vector3.new(0, 0.0146560669, -0.112281799)
}
