return {
	Vector3.new(0, 0, 0),
	Vector3.new(-0.66403389, 1.47529411, 0),
	Vector3.new(-1.78833199, 2.65519714, 0),
	Vector3.new(-2.8654995, 3.27261639, 0),
	Vector3.new(-4.97384357, 3.86697197, 0),
	Vector3.new(-6.74568462, 4.04947853, 0),
	Vector3.new(-8.29842663, 4.00642109, 0),
	Vector3.new(-10.0529966, 3.88247013, 0),
	Vector3.new(-11.5510492, 3.62081623, 0),
	Vector3.new(-10.4913645, 4.50236225, 0),
	Vector3.new(-11.9163942, 4.36959171, 0),
	Vector3.new(-14.6239977, 3.79918003, 0),
	Vector3.new(-17.1119118, 3.00435162, 0),
	Vector3.new(-16.6199417, 4.79952335, 0),
	Vector3.new(-15.6216021, 6.69496727, 0),
	Vector3.new(-13.290225, 9.38136101, 0),
	Vector3.new(-15.1668978, 8.70345116, 0),
	Vector3.new(-13.9868135, 10.5571747, 0),
	Vector3.new(-12.4111719, 12.3537846, 0),
	Vector3.new(-10.8923311, 13.4852829, 0),
	Vector3.new(-9.13739681, 14.455287, 0),
	Vector3.new(-7.06208038, 15.0933933, 0),
	Vector3.new(-5.45106888, 15.3032551, 0),
	Vector3.new(-6.62944889, 15.5553207, 0),
	Vector3.new(-5.30463219, 15.8010883, 0),
	Vector3.new(-3.99271488, 15.9410152, 0),
	Vector3.new(-2.14676857, 15.9744015, 0),
	Vector3.new(-0.64553833, 15.7224445, 0),
	Vector3.new(0.0399336815, 15.6134949, 0),
	Vector3.new(-0.49438858, 16.1151333, 0),
	Vector3.new(1.67148542, 15.718586, 0),
	Vector3.new(2.90292454, 15.3175869, 0),
	Vector3.new(4.51481438, 14.6886978, 0),
	Vector3.new(5.83773518, 13.7485151, 0),
	Vector3.new(6.05168343, 13.3684978, 0),
	Vector3.new(6.1851387, 12.8711185, 0),
	Vector3.new(6.17872143, 12.7175045, 0),
	Vector3.new(7.33079338, 12.2431049, 0),
	Vector3.new(7.71398067, 11.9271965, 0),
	Vector3.new(7.82572174, 11.6906128, 0),
	Vector3.new(10.6003847, 10.2589283, 0),
	Vector3.new(10.1915169, 9.32454395, 0),
	Vector3.new(9.86392403, 9.04072189, 0),
	Vector3.new(8.45638084, 7.72801781, 0),
	Vector3.new(8.84593868, 8.93340778, 0),
	Vector3.new(8.07215881, 8.78081894, 0),
	Vector3.new(7.73949051, 8.45429516, 0),
	Vector3.new(7.3241396, 8.1278553, 0),
	Vector3.new(6.94778061, 7.79932117, 0),
	Vector3.new(7.09004498, 8.42424965, 0),
	Vector3.new(6.55236149, 8.10036278, 0),
	Vector3.new(6.1698513, 7.64611912, 0),
	Vector3.new(5.86445999, 7.14488316, 0),
	Vector3.new(5.96364212, 6.58810329, 0),
	Vector3.new(6.14611244, 6.02376366, 0),
	Vector3.new(6.61157036, 6.35874176, 0),
	Vector3.new(6.60074997, 6.05651951, 0),
	Vector3.new(6.53909588, 5.49210548, 0),
	Vector3.new(6.73868561, 5.26802635, 0),
	Vector3.new(7.8036499, 6.20213318, 0),
	Vector3.new(7.83186531, 5.67942238, 0),
	Vector3.new(7.43937874, 5.03019714, 0),
	Vector3.new(7.21613884, 4.54838467, 0),
	Vector3.new(7.03608799, 4.15144539, 0),
	Vector3.new(6.02459145, 2.9601984, 0),
	Vector3.new(5.10767365, 2.30108166, 0),
	Vector3.new(4.88964081, 2.16975403, 0),
	Vector3.new(4.66865921, 2.81885242, 0),
	Vector3.new(4.17441273, 2.23864937, 0),
	Vector3.new(2.78102016, 0.890664101, 0),
	Vector3.new(2.37666321, 1.78959179, 0),
	Vector3.new(0.164709091, -0.0535964966, 0),
	Vector3.new(2.37985897, 1.83569431, 0),
	Vector3.new(2.77795315, 0.843797684, 0),
	Vector3.new(4.67097569, 2.86438084, 0),
	Vector3.new(4.97644615, 2.21310043, 0),
	Vector3.new(5.08060169, 2.62337685, 0),
	Vector3.new(5.10862446, 3.21494484, 0),
	Vector3.new(4.92328548, 3.7169466, 0),
	Vector3.new(4.31527996, 3.28368092, 0),
	Vector3.new(3.79854298, 3.02723694, 0),
	Vector3.new(3.62209272, 3.57448292, 0),
	Vector3.new(3.21920681, 4.43336678, 0),
	Vector3.new(2.33336592, 5.29078865, 0),
	Vector3.new(1.00286436, 5.92900085, 0),
	Vector3.new(-0.250312805, 6.30056667, 0),
	Vector3.new(-1.66987133, 6.46043301, 0),
	Vector3.new(-2.26363087, 6.47390842, 0),
	Vector3.new(-1.12038517, 7.16454887, 0),
	Vector3.new(-1.02560425, 7.70460415, 0),
	Vector3.new(-1.0586338, 8.52908516, 0),
	Vector3.new(-0.805674553, 9.09442806, 0),
	Vector3.new(-0.411916733, 9.53197575, 0),
	Vector3.new(-0.000870704651, 9.76651573, 0),
	Vector3.new(-1.28087234, 9.7459116, 0),
	Vector3.new(-1.98284721, 9.67668819, 0),
	Vector3.new(-1.27700615, 10.1443176, 0),
	Vector3.new(-0.724434853, 10.6507893, 0),
	Vector3.new(-0.652516365, 11.3543339, 0),
	Vector3.new(-0.437677383, 11.9708328, 0),
	Vector3.new(-0.123010635, 12.4657841, 0),
	Vector3.new(0.494483471, 12.992341, 0),
	Vector3.new(1.11887741, 13.2142363, 0),
	Vector3.new(2.56390715, 13.2792912, 0),
	Vector3.new(3.62237024, 13.1579733, 0),
	Vector3.new(4.78887177, 12.7674351, 0),
	Vector3.new(5.62020111, 12.3752651, 0),
	Vector3.new(4.6864171, 12.3065529, 0),
	Vector3.new(4.0078249, 12.5822611, 0),
	Vector3.new(2.957798, 12.93501, 0),
	Vector3.new(0.882285118, 13.1027546, 0),
	Vector3.new(0.136947155, 12.8058453, 0),
	Vector3.new(-0.213747978, 12.3138466, 0),
	Vector3.new(1.14960814, 12.2626877, 0),
	Vector3.new(2.00446749, 12.4465714, 0),
	Vector3.new(2.76925421, 12.4396648, 0),
	Vector3.new(3.25733042, 12.2812986, 0),
	Vector3.new(4.00628996, 11.9256935, 0),
	Vector3.new(4.9696703, 11.7989674, 0),
	Vector3.new(5.55582809, 11.8319187, 0),
	Vector3.new(5.67463017, 11.8697338, 0),
	Vector3.new(6.26197243, 11.9027805, 0),
	Vector3.new(7.510499, 11.6939526, 0),
	Vector3.new(8.91853333, 10.8449764, 0),
	Vector3.new(9.51674557, 10.7171993, 0),
	Vector3.new(7.28900814, 10.9051075, 0),
	Vector3.new(8.3551445, 10.6116819, 0),
	Vector3.new(9.10797501, 10.1579285, 0),
	Vector3.new(9.14521122, 9.95441818, 0),
	Vector3.new(9.10189152, 9.75133991, 0),
	Vector3.new(9.42137146, 9.45996857, 0),
	Vector3.new(9.50612259, 9.78616619, 0),
	Vector3.new(9.95338154, 10.1055126, 0),
	Vector3.new(10.1541176, 9.89910221, 0),
	Vector3.new(9.90789127, 9.45242691, 0),
	Vector3.new(9.54335785, 9.49912453, 0),
	Vector3.new(7.73007679, 9.60873127, 0),
	Vector3.new(6.24277687, 9.46844959, 0),
	Vector3.new(6.55496883, 9.25912094, 0),
	Vector3.new(7.23470116, 9.16610146, 0),
	Vector3.new(7.17492199, 8.54746628, 0),
	Vector3.new(7.19447994, 9.16675282, 0),
	Vector3.new(6.40104294, 9.42516232, 0),
	Vector3.new(5.56846237, 9.56035805, 0),
	Vector3.new(5.19085789, 9.97106934, 0),
	Vector3.new(7.42239666, 10.0602169, 0),
	Vector3.new(4.88489342, 10.1767254, 0),
	Vector3.new(4.90162754, 10.4969521, 0),
	Vector3.new(7.47066212, 10.3420525, 0),
	Vector3.new(4.79633904, 10.7374439, 0),
	Vector3.new(5.28341103, 11.0487509, 0),
	Vector3.new(6.27889156, 11.3531532, 0),
	Vector3.new(6.67208767, 11.3486767, 0),
	Vector3.new(5.59482288, 11.8315163, 0),
	Vector3.new(4.887743, 11.7217388, 0),
	Vector3.new(4.52020454, 11.412447, 0),
	Vector3.new(3.76388693, 11.1459522, 0),
	Vector3.new(3.33084822, 11.0723553, 0),
	Vector3.new(3.79507256, 10.392046, 0),
	Vector3.new(3.3247385, 9.79688931, 0),
	Vector3.new(2.54073858, 9.28290367, 0),
	Vector3.new(1.83736515, 8.8462534, 0),
	Vector3.new(2.37092495, 9.64998245, 0),
	Vector3.new(2.62663412, 9.92796898, 0),
	Vector3.new(2.81723547, 10.405345, 0),
	Vector3.new(2.87581301, 10.6827831, 0),
	Vector3.new(0.380327225, 11.7694893, 0),
	Vector3.new(2.17703438, 11.7116089, 0),
	Vector3.new(2.69638586, 11.4330473, 0),
	Vector3.new(3.0540638, 11.3687258, 0),
	Vector3.new(3.29854298, 11.3660507, 0),
	Vector3.new(3.57165718, 11.4528666, 0),
	Vector3.new(3.72087193, 11.6970863, 0),
	Vector3.new(3.615695, 11.786974, 0),
	Vector3.new(3.31829643, 11.9665279, 0),
	Vector3.new(2.95582867, 12.1233072, 0),
	Vector3.new(2.63448143, 12.2132368, 0),
	Vector3.new(2.45807743, 12.1927862, 0),
	Vector3.new(2.23719978, 11.9099255, 0),
	Vector3.new(2.61054325, 12.2980232, 0),
	Vector3.new(3.61957836, 11.7798738, 0),
	Vector3.new(4.85398579, 11.6979456, 0),
	Vector3.new(5.72626209, 11.7547798, 0),
	Vector3.new(6.21270943, 11.5004663, 0),
	Vector3.new(5.27929401, 11.1945267, 0),
	Vector3.new(4.63066292, 10.7912064, 0),
	Vector3.new(4.62655067, 10.2563276, 0),
	Vector3.new(4.96305561, 9.63386154, 0),
	Vector3.new(5.00276375, 9.48909664, 0),
	Vector3.new(4.37979412, 9.01879215, 0),
	Vector3.new(3.84474182, 8.56612206, 0),
	Vector3.new(3.19241333, 7.83650589, 0),
	Vector3.new(2.94813442, 7.36262226, 0),
	Vector3.new(2.66933441, 7.08970642, 0),
	Vector3.new(2.34592533, 6.86811638, 0),
	Vector3.new(2.62816906, 6.8592124, 0),
	Vector3.new(3.03456974, 6.92394638, 0),
	Vector3.new(3.31766415, 6.55123425, 0),
	Vector3.new(3.71981478, 5.69008923, 0),
	Vector3.new(4.05841208, 4.77967739, 0),
	Vector3.new(4.00088692, 4.26665115, 0),
	Vector3.new(3.64163923, 3.54580069, 0),
	Vector3.new(3.802876, 3.03920889, 0),
	Vector3.new(4.9314537, 3.72776937, 0),
	Vector3.new(5.10761166, 3.27510548, 0),
	Vector3.new(5.15142059, 2.76974106, 0),
	Vector3.new(5.60561752, 3.0256443, 0),
	Vector3.new(6.39458275, 3.73504496, 0),
	Vector3.new(6.75118256, 4.31020641, 0),
	Vector3.new(5.52630234, 4.51810169, 0),
	Vector3.new(4.82444096, 4.85802078, 0),
	Vector3.new(4.56224251, 5.18463516, 0),
	Vector3.new(4.2393012, 5.73416901, 0),
	Vector3.new(3.99015188, 6.42136431, 0),
	Vector3.new(3.86555195, 6.84300995, 0),
	Vector3.new(3.76565313, 7.54382801, 0),
	Vector3.new(3.97756672, 7.98918819, 0),
	Vector3.new(4.26564169, 8.41063881, 0),
	Vector3.new(4.72167683, 8.90783787, 0),
	Vector3.new(5.1436348, 9.25258541, 0),
	Vector3.new(5.24101543, 9.34010696, 0),
	Vector3.new(5.57374573, 9.61878109, 0),
	Vector3.new(7.19786263, 9.17512703, 0),
	Vector3.new(7.19513035, 8.5449543, 0),
	Vector3.new(6.58709431, 8.10404682, 0),
	Vector3.new(6.29286766, 7.81381989, 0),
	Vector3.new(5.87528324, 7.16373444, 0),
	Vector3.new(6.12442398, 6.10585499, 0),
	Vector3.new(6.09201431, 5.84715128, 0),
	Vector3.new(5.81299496, 5.58894014, 0),
	Vector3.new(5.42115116, 5.35727119, 0),
	Vector3.new(5.03329945, 5.40943289, 0),
	Vector3.new(4.83755875, 5.56991196, 0),
	Vector3.new(5.09174061, 5.14857721, 0),
	Vector3.new(5.69746876, 4.8218832, 0),
	Vector3.new(6.73048878, 4.72214985, 0),
	Vector3.new(7.31159115, 4.75108719, 0),
	Vector3.new(7.02730083, 4.15365267, 0),
	Vector3.new(6.00809669, 2.9563446, 0),
	Vector3.new(4.94970512, 2.19997072, 0),
	Vector3.new(4.65649891, 2.81044292, 0),
	Vector3.new(2.74352217, 0.864012241, 0),
	Vector3.new(2.39266062, 1.80509233, 0),
	Vector3.new(0.791719437, 2.09535837, 0),
	Vector3.new(0.189142704, 2.99742079, 0),
	Vector3.new(-1.17965794, 4.10985613, 0),
	Vector3.new(-2.62267208, 4.59941959, 0),
	Vector3.new(-4.29872131, 4.84335995, 0),
	Vector3.new(-6.61232471, 4.81973982, 0),
	Vector3.new(-8.97362995, 4.61235523, 0),
	Vector3.new(-7.77904987, 5.20039177, 0),
	Vector3.new(-11.8528261, 4.92947626, 0),
	Vector3.new(-14.9648466, 4.28614998, 0),
	Vector3.new(-15.6899805, 4.10510063, 0),
	Vector3.new(-15.2983294, 5.2120285, 0),
	Vector3.new(-14.06182, 7.0980854, 0),
	Vector3.new(-12.8159761, 8.39889431, 0),
	Vector3.new(-10.6793947, 10.10816, 0),
	Vector3.new(-9.08405399, 11.1019802, 0),
	Vector3.new(-10.8859606, 10.7089205, 0),
	Vector3.new(-12.103488, 10.3680878, 0),
	Vector3.new(-13.7085543, 9.789608, 0),
	Vector3.new(-12.9372454, 10.9301014, 0),
	Vector3.new(-11.509263, 12.4455986, 0),
	Vector3.new(-9.64862728, 13.6974459, 0),
	Vector3.new(-8.13340664, 14.3259277, 0),
	Vector3.new(-6.59911919, 14.7098207, 0),
	Vector3.new(-5.08666229, 14.9380236, 0),
	Vector3.new(-3.29688835, 14.9725256, 0),
	Vector3.new(-4.90879822, 15.5741501, 0),
	Vector3.new(-3.34527874, 15.6970196, 0),
	Vector3.new(-1.43090153, 15.6090431, 0),
	Vector3.new(0.552699089, 15.2103214, 0),
	Vector3.new(1.29092598, 14.9450207, 0),
	Vector3.new(0.631985664, 15.59132, 0),
	Vector3.new(2.28758621, 15.1903439, 0),
	Vector3.new(3.8559885, 14.4273167, 0),
	Vector3.new(4.34700871, 14.0572309, 0),
	Vector3.new(4.54712296, 13.4792557, 0),
	Vector3.new(4.53162575, 13.3317013, 0),
	Vector3.new(3.75854588, 14.004775, 0),
	Vector3.new(3.13417912, 14.286602, 0),
	Vector3.new(2.52276611, 14.475647, 0),
	Vector3.new(2.81985378, 14.1197948, 0),
	Vector3.new(2.91536617, 13.8085508, 0),
	Vector3.new(2.80655956, 13.7034321, 0),
	Vector3.new(1.54478168, 14.143837, 0),
	Vector3.new(-0.250803947, 14.4208088, 0),
	Vector3.new(-2.10319901, 14.5306301, 0),
	Vector3.new(-0.767390251, 13.8701181, 0),
	Vector3.new(-2.38266277, 13.9590254, 0),
	Vector3.new(-4.09680748, 13.944232, 0),
	Vector3.new(-6.28358555, 13.6957397, 0),
	Vector3.new(-7.99550724, 13.2459106, 0),
	Vector3.new(-10.1187792, 12.3710117, 0),
	Vector3.new(-11.3189974, 11.6734715, 0),
	Vector3.new(-9.64830494, 12.1736641, 0),
	Vector3.new(-7.52063084, 12.4396858, 0),
	Vector3.new(-5.88653088, 12.5506277, 0),
	Vector3.new(-5.47177029, 12.4107237, 0),
	Vector3.new(-6.80895519, 12.0004377, 0),
	Vector3.new(-5.28026485, 12.0277386, 0),
	Vector3.new(-4.20966434, 11.7958164, 0),
	Vector3.new(-3.14377975, 11.5014591, 0),
	Vector3.new(-2.80862141, 11.9391737, 0),
	Vector3.new(-2.83950329, 12.8541584, 0),
	Vector3.new(-2.53162098, 13.2480011, 0),
	Vector3.new(-1.76767635, 13.4355049, 0),
	Vector3.new(-0.807407379, 13.3827171, 0),
	Vector3.new(-0.0967063904, 13.1814756, 0),
	Vector3.new(-0.165897369, 12.9364977, 0),
	Vector3.new(-0.409407616, 12.7851658, 0),
	Vector3.new(-0.754396439, 12.674386, 0),
	Vector3.new(-1.1958847, 12.7160912, 0),
	Vector3.new(-1.69828606, 12.7714844, 0),
	Vector3.new(-2.13197136, 12.7162457, 0),
	Vector3.new(-2.29334545, 12.4794464, 0),
	Vector3.new(-2.17774487, 12.1967411, 0),
	Vector3.new(-2.07915592, 11.851593, 0),
	Vector3.new(-1.70243931, 11.3508682, 0),
	Vector3.new(-1.50662231, 11.0042934, 0),
	Vector3.new(-1.92273235, 11.1412888, 0),
	Vector3.new(-2.54896259, 11.5153971, 0),
	Vector3.new(-2.75276756, 11.8812866, 0),
	Vector3.new(-2.78352261, 11.9679966, 0),
	Vector3.new(-3.1615057, 11.4383678, 0),
	Vector3.new(-3.32785416, 11.3374929, 0),
	Vector3.new(-4.90651131, 11.0157375, 0),
	Vector3.new(-7.03628445, 10.4093952, 0),
	Vector3.new(-8.21467876, 9.82418346, 0),
	Vector3.new(-6.91718006, 10.1391735, 0),
	Vector3.new(-5.55995846, 10.3213949, 0),
	Vector3.new(-3.51862526, 10.3879795, 0),
	Vector3.new(-2.2460289, 10.2345295, 0),
	Vector3.new(-3.98476124, 9.8928566, 0),
	Vector3.new(-5.62281513, 9.50539875, 0),
	Vector3.new(-7.06359959, 9.04177666, 0),
	Vector3.new(-8.63541508, 8.49653339, 0),
	Vector3.new(-10.601182, 7.55291557, 0),
	Vector3.new(-12.7332125, 6.24694061, 0),
	Vector3.new(-10.1416616, 7.20564747, 0),
	Vector3.new(-7.87252522, 7.68229866, 0),
	Vector3.new(-6.12710571, 7.94542027, 0),
	Vector3.new(-4.99195099, 7.98790836, 0),
	Vector3.new(-3.64409924, 7.97148991, 0),
	Vector3.new(-4.42014122, 7.60205269, 0),
	Vector3.new(-5.26096439, 7.08808708, 0),
	Vector3.new(-5.46652603, 6.96523571, 0),
	Vector3.new(-4.53270817, 7.10184193, 0),
	Vector3.new(-3.69685936, 7.25317097, 0),
	Vector3.new(-3.35507488, 7.17601395, 0),
	Vector3.new(-4.33315945, 6.76024866, 0),
	Vector3.new(-4.9983263, 6.38299131, 0),
	Vector3.new(-5.51438046, 6.06311512, 0),
	Vector3.new(-5.7123003, 5.88474655, 0),
	Vector3.new(-4.6076498, 6.07635498, 0),
	Vector3.new(-3.302104, 6.12071609, 0),
	Vector3.new(-2.02387619, 6.08416986, 0),
	Vector3.new(-0.826828957, 5.93344593, 0),
	Vector3.new(-0.117761612, 5.76646614, 0),
	Vector3.new(-0.767384529, 5.41889477, 0),
	Vector3.new(0.422215462, 5.43104935, 0),
	Vector3.new(0.919639587, 5.24318218, 0),
	Vector3.new(1.62681675, 4.77615643, 0),
	Vector3.new(2.08126163, 4.19174147, 0),
	Vector3.new(2.2976141, 3.33159637, 0),
	Vector3.new(2.29171753, 3.14421701, 0),
	Vector3.new(1.86084414, 3.61213875, 0),
	Vector3.new(1.50990582, 4.0510807, 0),
	Vector3.new(1.54350328, 3.42916918, 0),
	Vector3.new(1.33646584, 2.9042635, 0),
	Vector3.new(0.927541733, 2.09280586, 0)
}
