-- rick

return {
	Vector3.new(0, 0, 0),
	Vector3.new(-0.956518173, 0.396429062, 0),
	Vector3.new(-1.60280418, 0.81562233, 0),
	Vector3.new(-1.27625465, 2.21352959, 0),
	Vector3.new(-1.14860344, 2.40482521, 0),
	Vector3.new(-1.08462906, 3.28425026, 0),
	Vector3.new(-1.26145935, 3.33553982, 0),
	Vector3.new(-1.26145935, 3.33553982, 0),
	Vector3.new(-1.04540062, 13.0731907, 0),
	Vector3.new(-1.10514259, 9.76979256, 0),
	Vector3.new(-2.8906498, 9.34624386, 0),
	Vector3.new(-3.31925011, 8.95578289, 0),
	Vector3.new(-2.42757797, 12.5771933, 0),
	Vector3.new(-2.13824463, 14.5382757, 0),
	Vector3.new(-1.92334366, 14.5405874, 0),
	Vector3.new(-2.62705421, 15.8549919, 0),
	Vector3.new(-3.29657173, 15.8505516, 0),
	Vector3.new(-3.55881691, 15.4744053, 0),
	Vector3.new(-3.7825737, 14.6852436, 0),
	Vector3.new(-3.72904587, 13.9996166, 0),
	Vector3.new(-3.38163567, 13.6220284, 0),
	Vector3.new(-3.49220848, 14.5443325, 0),
	Vector3.new(-3.363451, 13.5580673, 0),
	Vector3.new(-3.10933876, 13.2816753, 0),
	Vector3.new(-3.04198837, 13.5838928, 0),
	Vector3.new(-3.19578743, 14.5886593, 0),
	Vector3.new(-3.00287247, 13.5416174, 0),
	Vector3.new(-2.74468613, 13.4164295, 0),
	Vector3.new(-2.88285828, 14.5302658, 0),
	Vector3.new(-2.7396183, 13.7159309, 0),
	Vector3.new(-2.5400238, 13.7398281, 0),
	Vector3.new(-2.58130646, 15.0425739, 0),
	Vector3.new(-2.17759132, 14.4967241, 0),
	Vector3.new(-1.88430214, 14.5204706, 0),
	Vector3.new(-1.92403603, 14.5311546, 0),
	Vector3.new(-2.15162849, 15.0567875, 0),
	Vector3.new(-1.61672592, 18.3020229, 0),
	Vector3.new(-1.09470749, 21.3076591, 0),
	Vector3.new(-0.780824661, 24.7978115, 0),
	Vector3.new(-0.470655441, 25.5930901, 0),
	Vector3.new(-1.39289665, 23.0685787, 0),
	Vector3.new(-2.03894615, 20.9426384, 0),
	Vector3.new(-2.49815559, 17.6929035, 0),
	Vector3.new(-2.57046509, 16.2545071, 0),
	Vector3.new(-2.78806686, 16.2574272, 0),
	Vector3.new(-2.72894096, 15.8611755, 0),
	Vector3.new(-3.34366798, 15.8373127, 0),
	Vector3.new(-3.34013176, 16.2512054, 0),
	Vector3.new(-2.75688171, 16.2845592, 0),
	Vector3.new(-3.88092232, 16.3080978, 0),
	Vector3.new(-3.64761543, 18.9153252, 0),
	Vector3.new(-3.11298752, 21.6810608, 0),
	Vector3.new(-1.66452599, 25.9989281, 0),
	Vector3.new(-1.18321037, 27.1122589, 0),
	Vector3.new(0.904891968, 27.6388645, 0),
	Vector3.new(-0.146533966, 24.924118, 0),
	Vector3.new(0.429832458, 24.0729122, 0),
	Vector3.new(-0.267723083, 23.2154121, 0),
	Vector3.new(0.671701431, 20.3022823, 0),
	Vector3.new(0.365644455, 18.0386524, 0),
	Vector3.new(-0.207487106, 15.6936207, 0),
	Vector3.new(-1.11557007, 13.0210915, 0),
	Vector3.new(-1.83646584, 11.1061049, 0),
	Vector3.new(-2.87238884, 9.3329401, 0),
	Vector3.new(-1.80847359, 11.1876459, 0),
	Vector3.new(-0.893148422, 13.7483635, 0),
	Vector3.new(-0.0428066254, 16.3304329, 0),
	Vector3.new(0.846815109, 20.7778015, 0),
	Vector3.new(1.06794548, 23.4764633, 0),
	Vector3.new(1.06692123, 27.6245213, 0),
	Vector3.new(1.08627129, 28.2031517, 0),
	Vector3.new(0.729700089, 28.5388756, 0),
	Vector3.new(0.487598419, 28.9586029, 0),
	Vector3.new(-0.321712494, 28.6046906, 0),
	Vector3.new(0.0860710144, 29.2658386, 0),
	Vector3.new(-1.0435009, 29.4026012, 0),
	Vector3.new(-0.519350052, 29.989769, 0),
	Vector3.new(-1.91116524, 30.7698383, 0),
	Vector3.new(-0.58297348, 31.4885864, 0),
	Vector3.new(-2.55169487, 32.4570847, 0),
	Vector3.new(-0.509405136, 33.2554779, 0),
	Vector3.new(-1.51332283, 34.9735184, 0),
	Vector3.new(0.375501633, 34.7533875, 0),
	Vector3.new(0.488140106, 35.6320839, 0),
	Vector3.new(0.359319687, 37.2095032, 0),
	Vector3.new(1.89190102, 35.99506, 0),
	Vector3.new(2.56450081, 35.1288147, 0),
	Vector3.new(3.50513649, 36.7820549, 0),
	Vector3.new(3.95815849, 35.5548782, 0),
	Vector3.new(3.95569801, 34.6537781, 0),
	Vector3.new(5.08764839, 34.9092255, 0),
	Vector3.new(4.54669189, 33.4819641, 0),
	Vector3.new(3.67642593, 33.7622375, 0),
	Vector3.new(2.78002739, 33.8910789, 0),
	Vector3.new(2.08729744, 33.6489639, 0),
	Vector3.new(1.49459648, 33.2599525, 0),
	Vector3.new(1.08874321, 33.046627, 0),
	Vector3.new(1.18854141, 32.7734985, 0),
	Vector3.new(1.66137886, 32.8580971, 0),
	Vector3.new(2.49839783, 33.3693008, 0),
	Vector3.new(3.04400063, 33.478241, 0),
	Vector3.new(3.76390839, 33.2864342, 0),
	Vector3.new(4.3952198, 33.1169777, 0),
	Vector3.new(4.52500725, 33.4387169, 0),
	Vector3.new(4.48000526, 33.1810951, 0),
	Vector3.new(5.35569191, 32.8435936, 0),
	Vector3.new(4.86503983, 32.3636093, 0),
	Vector3.new(4.55765533, 32.63274, 0),
	Vector3.new(4.28770256, 32.7367897, 0),
	Vector3.new(4.37418938, 33.1169319, 0),
	Vector3.new(4.28757286, 32.7158623, 0),
	Vector3.new(3.84994507, 32.7360764, 0),
	Vector3.new(3.45786285, 32.4237442, 0),
	Vector3.new(3.29989815, 31.9334869, 0),
	Vector3.new(3.08581924, 32.4232674, 0),
	Vector3.new(2.62420845, 32.671463, 0),
	Vector3.new(2.10323715, 32.733223, 0),
	Vector3.new(1.59330559, 32.5659866, 0),
	Vector3.new(1.31225777, 32.0735855, 0),
	Vector3.new(1.46821213, 31.4730988, 0),
	Vector3.new(1.63978767, 31.2763672, 0),
	Vector3.new(2.19019318, 31.0811691, 0),
	Vector3.new(2.74792099, 31.1980209, 0),
	Vector3.new(3.00197029, 31.5328712, 0),
	Vector3.new(2.93425179, 31.8324738, 0),
	Vector3.new(2.70945358, 31.8524437, 0),
	Vector3.new(2.67216301, 31.7320328, 0),
	Vector3.new(2.77597809, 31.6521645, 0),
	Vector3.new(2.87603378, 31.7121239, 0),
	Vector3.new(2.81296539, 31.7922249, 0),
	Vector3.new(2.81451988, 31.7321014, 0),
	Vector3.new(3.04082489, 31.6124077, 0),
	Vector3.new(3.19694901, 31.9738503, 0),
	Vector3.new(3.30081749, 31.8729591, 0),
	Vector3.new(3.4491024, 31.4339371, 0),
	Vector3.new(3.57238007, 31.2370987, 0),
	Vector3.new(3.63933754, 30.4285431, 0),
	Vector3.new(3.54306412, 30.1655388, 0),
	Vector3.new(3.28646469, 30.2219658, 0),
	Vector3.new(3.03933144, 30.7335091, 0),
	Vector3.new(3.30644608, 30.2032242, 0),
	Vector3.new(3.5030899, 30.2217026, 0),
	Vector3.new(3.59991455, 30.4096813, 0),
	Vector3.new(3.63315964, 31.1979256, 0),
	Vector3.new(3.87521172, 31.0807648, 0),
	Vector3.new(4.35814095, 31.1196442, 0),
	Vector3.new(4.6637764, 31.3550835, 0),
	Vector3.new(4.76978493, 31.6329956, 0),
	Vector3.new(4.56722832, 31.732975, 0),
	Vector3.new(4.44334602, 31.5929756, 0),
	Vector3.new(4.60619736, 31.5930328, 0),
	Vector3.new(4.46513557, 31.7329254, 0),
	Vector3.new(4.42393112, 31.6928329, 0),
	Vector3.new(4.77012444, 31.652977, 0),
	Vector3.new(4.85699272, 31.9346199, 0),
	Vector3.new(4.84319305, 32.3018112, 0),
	Vector3.new(4.85321426, 31.7331161, 0),
	Vector3.new(4.60116768, 31.2174168, 0),
	Vector3.new(4.618927, 31.0416431, 0),
	Vector3.new(4.85553551, 30.7900085, 0),
	Vector3.new(4.37241173, 30.4278259, 0),
	Vector3.new(4.33550453, 30.7903042, 0),
	Vector3.new(4.49890709, 31.1001091, 0),
	Vector3.new(4.31510544, 30.7327003, 0),
	Vector3.new(4.37209129, 30.3900108, 0),
	Vector3.new(4.30985069, 29.9969177, 0),
	Vector3.new(4.07377815, 29.7024403, 0),
	Vector3.new(4.38608932, 29.7385254, 0),
	Vector3.new(4.54114914, 29.6467285, 0),
	Vector3.new(4.23477173, 29.468729, 0),
	Vector3.new(3.53822899, 29.2971039, 0),
	Vector3.new(3.42263985, 29.1013985, 0),
	Vector3.new(3.2381115, 29.0140533, 0),
	Vector3.new(3.12654305, 29.0378571, 0),
	Vector3.new(3.08085632, 28.8082352, 0),
	Vector3.new(3.03544235, 28.606781, 0),
	Vector3.new(2.88272095, 28.6215134, 0),
	Vector3.new(2.81788635, 28.8173523, 0),
	Vector3.new(2.91965866, 29.0838089, 0),
	Vector3.new(2.92080688, 29.1414032, 0),
	Vector3.new(3.50940132, 29.2554741, 0),
	Vector3.new(2.70384598, 29.20158, 0),
	Vector3.new(2.24002647, 29.308176, 0),
	Vector3.new(1.74477577, 29.5247097, 0),
	Vector3.new(1.67660332, 29.7067585, 0),
	Vector3.new(1.32571983, 29.6485634, 0),
	Vector3.new(1.31069374, 29.3379841, 0),
	Vector3.new(1.52386093, 29.0870895, 0),
	Vector3.new(1.78720093, 28.9946861, 0),
	Vector3.new(1.48751259, 29.1454964, 0),
	Vector3.new(1.30316734, 29.5563374, 0),
	Vector3.new(1.46254539, 29.7112122, 0),
	Vector3.new(1.57204628, 29.754303, 0),
	Vector3.new(1.86791992, 29.7541733, 0),
	Vector3.new(1.58568001, 29.7040863, 0),
	Vector3.new(1.81113815, 29.4578552, 0),
	Vector3.new(2.59267235, 29.2365456, 0),
	Vector3.new(3.43178368, 29.24897, 0),
	Vector3.new(4.27081871, 29.477829, 0),
	Vector3.new(4.575037, 29.566761, 0),
	Vector3.new(4.55908585, 29.2814846, 0),
	Vector3.new(4.29001808, 29.0660591, 0),
	Vector3.new(4.05831146, 28.9929085, 0),
	Vector3.new(3.86275291, 28.5227432, 0),
	Vector3.new(3.57940292, 28.2043343, 0),
	Vector3.new(3.07282829, 27.8923531, 0),
	Vector3.new(2.54408264, 27.7502995, 0),
	Vector3.new(2.01616478, 27.8074665, 0),
	Vector3.new(1.13714218, 28.1432667, 0),
	Vector3.new(2.03244019, 27.8057041, 0),
	Vector3.new(2.42690659, 27.7451172, 0),
	Vector3.new(2.43035698, 27.4651337, 0),
	Vector3.new(2.11153412, 27.3674431, 0),
	Vector3.new(1.5287838, 27.3851852, 0),
	Vector3.new(1.15493774, 27.5580101, 0),
	Vector3.new(1.52538109, 27.3587265, 0),
	Vector3.new(2.12462997, 27.3799629, 0),
	Vector3.new(2.4325676, 27.4918652, 0),
	Vector3.new(2.97875023, 27.4367619, 0),
	Vector3.new(4.00955391, 27.0952072, 0),
	Vector3.new(7.56043434, 25.0220184, 0),
	Vector3.new(8.66712189, 24.3990746, 0),
	Vector3.new(10.2288857, 27.9598255, 0),
	Vector3.new(10.6696949, 28.717905, 0),
	Vector3.new(11.2488384, 28.4105644, 0),
	Vector3.new(11.2571678, 28.7296753, 0),
	Vector3.new(11.5775242, 28.3380623, 0),
	Vector3.new(11.8937902, 28.208004, 0),
	Vector3.new(12.1808338, 28.3667927, 0),
	Vector3.new(12.2050829, 28.6131821, 0),
	Vector3.new(11.8818693, 28.8900414, 0),
	Vector3.new(12.0874815, 28.7691708, 0),
	Vector3.new(12.2893181, 29.0972404, 0),
	Vector3.new(12.1943693, 29.5234299, 0),
	Vector3.new(11.9410391, 29.5680904, 0),
	Vector3.new(11.7201757, 29.3026066, 0),
	Vector3.new(11.6256828, 28.9747715, 0),
	Vector3.new(11.7739086, 28.8758163, 0),
	Vector3.new(12.0140038, 29.1631927, 0),
	Vector3.new(11.8101406, 28.8743267, 0),
	Vector3.new(11.6069679, 28.9940434, 0),
	Vector3.new(11.4038811, 29.1677551, 0),
	Vector3.new(11.4925156, 29.6726875, 0),
	Vector3.new(11.7648163, 29.9326096, 0),
	Vector3.new(11.9615355, 29.8913269, 0),
	Vector3.new(12.0979557, 29.6535473, 0),
	Vector3.new(11.942915, 29.9097176, 0),
	Vector3.new(11.7182941, 30.1991501, 0),
	Vector3.new(11.4731131, 30.2053261, 0),
	Vector3.new(11.1708288, 29.8432083, 0),
	Vector3.new(11.1673546, 29.3588028, 0),
	Vector3.new(11.2774801, 29.2273884, 0),
	Vector3.new(11.1305122, 29.4144402, 0),
	Vector3.new(11.1249428, 29.612709, 0),
	Vector3.new(10.9493866, 29.6362953, 0),
	Vector3.new(10.8707819, 30.0282974, 0),
	Vector3.new(11.2030296, 30.5071144, 0),
	Vector3.new(11.4121656, 30.4506912, 0),
	Vector3.new(11.5739307, 30.3078156, 0),
	Vector3.new(11.3763084, 30.4860878, 0),
	Vector3.new(11.2030296, 30.5071144, 0),
	Vector3.new(10.3854771, 33.1399651, 0),
	Vector3.new(9.348032, 32.9347305, 0),
	Vector3.new(9.55834579, 31.8849487, 0),
	Vector3.new(8.38411522, 31.7654648, 0),
	Vector3.new(8.22199631, 31.6090012, 0),
	Vector3.new(8.13222504, 31.3234787, 0),
	Vector3.new(8.22981262, 30.9991112, 0),
	Vector3.new(8.46456528, 30.8806572, 0),
	Vector3.new(9.79796791, 31.0067902, 0),
	Vector3.new(9.59010887, 31.8371353, 0),
	Vector3.new(10.06707, 29.8934689, 0),
	Vector3.new(10.3226357, 29.9210281, 0),
	Vector3.new(9.65945244, 32.7704964, 0),
	Vector3.new(9.64380455, 32.7856102, 0),
	Vector3.new(10.3050327, 29.9740486, 0),
	Vector3.new(10.6071301, 30.3482094, 0),
	Vector3.new(10.7468615, 30.1888561, 0),
	Vector3.new(10.6355476, 29.6820068, 0),
	Vector3.new(10.499444, 29.5260162, 0),
	Vector3.new(10.7608776, 29.4812851, 0),
	Vector3.new(11.1042233, 29.0875225, 0),
	Vector3.new(11.2397842, 28.7117577, 0),
	Vector3.new(11.2302084, 28.4303513, 0),
	Vector3.new(10.6516705, 28.7372398, 0),
	Vector3.new(10.3136501, 29.0818672, 0),
	Vector3.new(10.1045742, 29.1987343, 0),
	Vector3.new(10.051836, 29.4342041, 0),
	Vector3.new(10.237505, 29.8884487, 0),
	Vector3.new(10.0689411, 29.4514656, 0),
	Vector3.new(10.2088528, 29.1404457, 0),
	Vector3.new(10.6693707, 28.7364731, 0),
	Vector3.new(11.3598719, 28.3294334, 0),
	Vector3.new(11.0520134, 27.652113, 0),
	Vector3.new(11.2618179, 27.3648453, 0),
	Vector3.new(11.2683182, 27.1457253, 0),
	Vector3.new(10.9906502, 27.1630096, 0),
	Vector3.new(10.490346, 27.5866241, 0),
	Vector3.new(10.3801594, 27.7672024, 0),
	Vector3.new(10.7295599, 27.3768959, 0),
	Vector3.new(10.912962, 27.3461876, 0),
	Vector3.new(11.0708065, 27.6315327, 0),
	Vector3.new(11.2820978, 27.3041725, 0),
	Vector3.new(11.1997299, 26.9495506, 0),
	Vector3.new(9.71739388, 23.3798828, 0),
	Vector3.new(9.4165535, 23.0295753, 0),
	Vector3.new(8.91143417, 22.9846191, 0),
	Vector3.new(8.39879036, 23.23913, 0),
	Vector3.new(3.83694649, 25.7826347, 0),
	Vector3.new(3.79558372, 18.9446278, 0),
	Vector3.new(3.9195919, 14.4039555, 0),
	Vector3.new(4.38573265, 11.4014015, 0),
	Vector3.new(5.04875183, 9.11197281, 0),
	Vector3.new(4.30351639, 10.3019619, 0),
	Vector3.new(3.55154228, 12.2323837, 0),
	Vector3.new(3.32720947, 13.7583847, 0),
	Vector3.new(2.91791534, 16.9953079, 0),
	Vector3.new(2.46292496, 27.2149334, 0),
	Vector3.new(2.41850853, 27.7568665, 0),
	Vector3.new(1.89090347, 27.8756199, 0),
	Vector3.new(1.08818245, 28.1748276, 0),
	Vector3.new(0.643815994, 28.6737022, 0),
	Vector3.new(0.279756546, 29.7258568, 0),
	Vector3.new(-0.127490997, 29.8462124, 0),
	Vector3.new(-0.420991898, 30.2137375, 0),
	Vector3.new(-0.309648514, 30.6789398, 0),
	Vector3.new(0.133489609, 30.8349266, 0),
	Vector3.new(0.138212204, 32.0013123, 0),
	Vector3.new(0.502843857, 33.6466141, 0),
	Vector3.new(1.60474014, 34.484684, 0),
	Vector3.new(2.75466537, 34.6296501, 0),
	Vector3.new(3.4842186, 34.3333282, 0),
	Vector3.new(4.12648392, 33.6959801, 0),
	Vector3.new(3.39845085, 34.4448318, 0),
	Vector3.new(2.61354828, 34.7022667, 0),
	Vector3.new(1.67772865, 34.557457, 0),
	Vector3.new(0.478752136, 33.6432877, 0),
	Vector3.new(0.148666382, 32.0757408, 0),
	Vector3.new(0.13420105, 30.8469448, 0),
	Vector3.new(-0.313215256, 30.663023, 0),
	Vector3.new(-0.365213394, 30.2013969, 0),
	Vector3.new(-0.168386459, 29.9114685, 0),
	Vector3.new(0.287006378, 29.7181053, 0),
	Vector3.new(0.497823715, 29.0625725, 0),
	Vector3.new(0.691432953, 28.5977745, 0),
	Vector3.new(1.14505577, 28.1390381, 0),
	Vector3.new(2.40002251, 27.7295341, 0),
	Vector3.new(2.4950161, 27.4634056, 0),
	Vector3.new(3.79039764, 24.8748894, 0),
	Vector3.new(3.06573486, 23.9642506, 0),
	Vector3.new(3.69763565, 23.1741409, 0),
	Vector3.new(2.92340851, 20.2931061, 0),
	Vector3.new(2.80687332, 20.2346382, 0),
	Vector3.new(2.86148071, 18.0814476, 0),
	Vector3.new(0.443300247, 18.1664639, 0),
	Vector3.new(2.8749752, 18.1081295, 0),
	Vector3.new(2.86049843, 17.5390663, 0),
	Vector3.new(0.365533829, 17.6274967, 0),
	Vector3.new(1.28269768, 17.6031532, 0),
	Vector3.new(1.26086426, 18.1422977, 0),
	Vector3.new(2.0287323, 18.1196022, 0),
	Vector3.new(2.0395298, 17.5857716, 0),
	Vector3.new(2.87393951, 17.5249348, 0),
	Vector3.new(2.82315254, 9.84447956, 0),
	Vector3.new(3.70858765, 9.72157955, 0),
	Vector3.new(4.72758102, 9.40681458, 0),
	Vector3.new(3.63513184, 9.77070808, 0),
	Vector3.new(2.84609795, 9.86486244, 0),
	Vector3.new(2.9101181, 3.37922192, 0),
	Vector3.new(1.57729912, 3.41079903, 0),
	Vector3.new(2.75204659, 3.382967, 0),
	Vector3.new(2.80287552, 2.45933723, 0),
	Vector3.new(5.28791046, 0.922073364, 0),
	Vector3.new(5.31071472, 0.774623871, 0),
	Vector3.new(1.52692413, 0.762926102, 0),
	Vector3.new(1.53986549, 1.98521614, 0),
	Vector3.new(1.69050217, 2.29685783, 0),
	Vector3.new(2.38678932, 2.25048637, 0),
	Vector3.new(2.77660179, 2.36137581, 0),
	Vector3.new(2.28324509, 2.25374985, 0),
	Vector3.new(1.66441154, 2.34655952, 0),
	Vector3.new(1.73304558, 3.38215065, 0),
	Vector3.new(1.55116463, 3.43635845, 0),
	Vector3.new(1.41851234, 16.3264008, 0),
	Vector3.new(1.94266319, 16.3217583, 0),
	Vector3.new(0.327022552, 16.3330326, 0),
	Vector3.new(0.059961319, 9.87711906, 0),
	Vector3.new(0.690235138, 9.92774391, 0),
	Vector3.new(1.39238739, 9.93116283, 0),
	Vector3.new(0.56347084, 9.94305801, 0),
	Vector3.new(0.0292434692, 9.78195858, 0),
	Vector3.new(-0.16868782, 3.19365406, 0),
	Vector3.new(-1.09931755, 3.29224396, 0),
	Vector3.new(-0.308477402, 3.18211269, 0),
	Vector3.new(-0.267900467, 2.33330536, 0),
	Vector3.new(-0.462667465, 2.23355103, 0),
	Vector3.new(-0.741954803, 2.25054932, 0),
	Vector3.new(-1.12048721, 2.36555672, 0),
	Vector3.new(-0.567958832, 2.22140694, 0),
	Vector3.new(-0.268156052, 2.31473923, 0),
	Vector3.new(0.100191116, 1.99297333, 0),
	Vector3.new(0.596261978, 0.579126358, 0),
	Vector3.new(0.429113388, 0.182880402, 0),
	Vector3.new(0.0984706879, -0.0230712891, 0)
}
