return {
	Vector3.new(0, 0, 0),
	Vector3.new(2.25859308, 1.19382763, 0),
	Vector3.new(3.23164082, -0.841897964, 0),
	Vector3.new(2.17626834, -0.202354431, 0),
	Vector3.new(1.00166512, 0.00184059143, 0),
	Vector3.new(0.00371837616, -0.0432415009, 0),
	Vector3.new(-0.744681835, -0.208314896, 0),
	Vector3.new(-1.57864475, -0.556779861, 0),
	Vector3.new(-1.09167624, -1.33906555, 0),
	Vector3.new(-0.0992856026, -2.37834454, 0),
	Vector3.new(0.261799812, -2.54049873, 0),
	Vector3.new(0.637357712, -3.83126926, 0),
	Vector3.new(1.41983557, -2.92813587, 0),
	Vector3.new(2.36150908, -2.95692921, 0),
	Vector3.new(3.1811316, -2.76344299, 0),
	Vector3.new(3.76535368, -2.45175457, 0),
	Vector3.new(4.21874857, -2.15269852, 0),
	Vector3.new(3.8121047, -1.55481148, 0),
	Vector3.new(3.24251938, -0.928390503, 0),
	Vector3.new(4.18422031, -2.19967651, 0),
	Vector3.new(3.53051233, -2.55779743, 0),
	Vector3.new(3.01498461, -2.77459812, 0),
	Vector3.new(2.49804306, -3.04009914, 0),
	Vector3.new(1.68470812, -3.00308895, 0),
	Vector3.new(0.250900745, -2.6208477, 0),
	Vector3.new(0.608475685, -3.84984112, 0),
	Vector3.new(0.314445972, -3.82658386, 0),
	Vector3.new(-0.272165775, -3.50520325, 0),
	Vector3.new(-0.976388454, -3.09558678, 0),
	Vector3.new(-1.61298752, -2.56223106, 0),
	Vector3.new(-2.22152567, -1.89274216, 0),
	Vector3.new(-2.61367798, -1.08993053, 0),
	Vector3.new(-2.81292486, 0.0377731323, 0),
	Vector3.new(-2.61421108, 0.729394913, 0),
	Vector3.new(-2.2169981, 1.74332142, 0),
	Vector3.new(-1.85767603, 2.3455677, 0),
	Vector3.new(-1.39086199, 2.77801418, 0),
	Vector3.new(-1.20018435, 2.91800499, 0),
	Vector3.new(-1.63537645, 3.33392906, 0),
	Vector3.new(-1.46906471, 3.76832962, 0),
	Vector3.new(-1.27962112, 4.37344742, 0),
	Vector3.new(-0.761492729, 5.09804535, 0),
	Vector3.new(0.0999736786, 5.55653954, 0),
	Vector3.new(1.08503342, 5.66606903, 0),
	Vector3.new(2.5640626, 5.69387436, 0),
	Vector3.new(4.11812687, 5.68549728, 0),
	Vector3.new(5.42289495, 5.52143478, 0),
	Vector3.new(5.89769173, 5.15220642, 0),
	Vector3.new(6.85789442, 5.09782028, 0),
	Vector3.new(7.31868649, 5.3128109, 0),
	Vector3.new(7.31877995, 5.97956276, 0),
	Vector3.new(6.94618988, 6.36640358, 0),
	Vector3.new(6.39648104, 6.47791481, 0),
	Vector3.new(5.79358578, 6.30948257, 0),
	Vector3.new(5.55574751, 5.9360199, 0),
	Vector3.new(5.61755848, 5.58107758, 0),
	Vector3.new(6.21036148, 5.30745316, 0),
	Vector3.new(7.07317352, 5.02812576, 0),
	Vector3.new(7.75744247, 4.78627205, 0),
	Vector3.new(8.98833084, 4.5998497, 0),
	Vector3.new(10.1252556, 4.19098473, 0),
	Vector3.new(11.0785255, 3.85188675, 0),
	Vector3.new(11.8688335, 3.38513947, 0),
	Vector3.new(12.3815231, 2.88601494, 0),
	Vector3.new(12.2862034, 2.38416862, 0),
	Vector3.new(11.9738064, 2.07862186, 0),
	Vector3.new(11.3174381, 1.80209351, 0),
	Vector3.new(10.2244663, 1.85809326, 0),
	Vector3.new(9.11436462, 1.93307495, 0),
	Vector3.new(7.48639297, 2.0220747, 0),
	Vector3.new(6.91073465, 2.12123108, 0),
	Vector3.new(6.06006813, 2.58476448, 0),
	Vector3.new(5.16637039, 3.11543941, 0),
	Vector3.new(4.58825445, 3.28697395, 0),
	Vector3.new(4.05465317, 3.30887222, 0),
	Vector3.new(3.16968107, 3.14219952, 0),
	Vector3.new(2.49626732, 2.94322777, 0),
	Vector3.new(2.04994416, 2.74760914, 0),
	Vector3.new(1.40291214, 2.62494087, 0),
	Vector3.new(0.63457346, 2.64822769, 0),
	Vector3.new(-0.395905972, 2.62401772, 0),
	Vector3.new(-1.03713274, 2.75463295, 0),
	Vector3.new(1.03181505, 2.60968971, 0),
	Vector3.new(2.22655535, 2.67057228, 0),
	Vector3.new(3.12878561, 3.13744545, 0),
	Vector3.new(4.13600111, 3.22344971, 0),
	Vector3.new(4.86408758, 3.19281197, 0),
	Vector3.new(6.27661467, 2.46944809, 0),
	Vector3.new(7.37209654, 1.95587444, 0),
	Vector3.new(10.1489754, 1.87619209, 0),
	Vector3.new(11.4075718, 1.759161, 0),
	Vector3.new(11.7776375, 1.09956455, 0),
	Vector3.new(11.9574776, 0.456381798, 0),
	Vector3.new(11.9193935, -0.577710152, 0),
	Vector3.new(11.3865948, -1.58300686, 0),
	Vector3.new(10.9061794, -2.14548492, 0),
	Vector3.new(9.96260071, -3.05891323, 0),
	Vector3.new(9.76068974, -3.16967297, 0),
	Vector3.new(9.77462769, -1.71880913, 0),
	Vector3.new(10.4115391, -0.986713409, 0),
	Vector3.new(10.9022713, 0.0509243011, 0),
	Vector3.new(11.063139, 0.429865837, 0),
	Vector3.new(9.60832214, 0.66037178, 0),
	Vector3.new(9.02137184, 0.705760002, 0),
	Vector3.new(8.51633835, 1.05100918, 0),
	Vector3.new(7.18709517, 1.6212101, 0),
	Vector3.new(6.22172594, -0.56237793, 0),
	Vector3.new(6.63771868, -0.193583488, 0),
	Vector3.new(7.17534113, 0.181591034, 0),
	Vector3.new(7.6773572, 0.395698547, 0),
	Vector3.new(7.94723463, 0.440155029, 0),
	Vector3.new(8.91419029, 0.638209343, 0),
	Vector3.new(7.65913486, 0.416830063, 0),
	Vector3.new(7.15276384, 0.14466095, 0),
	Vector3.new(6.36493301, -0.416448593, 0),
	Vector3.new(6.11327934, -0.758503914, 0),
	Vector3.new(5.67016506, -1.8166132, 0),
	Vector3.new(6.24874353, -2.11828709, 0),
	Vector3.new(7.17511272, -2.26181507, 0),
	Vector3.new(7.65482283, -2.28571129, 0),
	Vector3.new(8.52960587, -2.32766724, 0),
	Vector3.new(8.92452431, -2.13453579, 0),
	Vector3.new(9.30555534, -1.87932587, 0),
	Vector3.new(9.89882469, -1.49078178, 0),
	Vector3.new(9.10735035, -2.04512787, 0),
	Vector3.new(8.63441086, -2.41919708, 0),
	Vector3.new(9.28542328, -2.67112541, 0),
	Vector3.new(9.67283821, -3.06454659, 0),
	Vector3.new(9.2884388, -3.55572128, 0),
	Vector3.new(8.56508255, -4.02201653, 0),
	Vector3.new(7.80069971, -4.43417835, 0),
	Vector3.new(7.38081694, -4.76290417, 0),
	Vector3.new(6.33541584, -5.19136143, 0),
	Vector3.new(5.29981613, -5.30563545, 0),
	Vector3.new(3.93180609, -5.17164326, 0),
	Vector3.new(2.82429838, -4.98599243, 0),
	Vector3.new(1.53297091, -4.53397274, 0),
	Vector3.new(0.532030582, -4.00504017, 0),
	Vector3.new(1.69480681, -4.56432343, 0),
	Vector3.new(1.18829989, -4.79600143, 0),
	Vector3.new(0.392632961, -5.15958977, 0),
	Vector3.new(-0.234464169, -5.41842699, 0),
	Vector3.new(-0.793435574, -5.8326931, 0),
	Vector3.new(-1.39730978, -6.22082233, 0),
	Vector3.new(-1.84126091, -6.84195042, 0),
	Vector3.new(-2.10760546, -7.40101624, 0),
	Vector3.new(-2.12115908, -7.83576775, 0),
	Vector3.new(-1.82341671, -8.00081444, 0),
	Vector3.new(-1.40152359, -8.15546227, 0),
	Vector3.new(-0.985655785, -8.14712906, 0),
	Vector3.new(-0.67078495, -7.94461536, 0),
	Vector3.new(-0.502919674, -7.26202631, 0),
	Vector3.new(-0.0341663361, -7.69070482, 0),
	Vector3.new(0.407482147, -7.6600914, 0),
	Vector3.new(0.256946087, -7.15931463, 0),
	Vector3.new(-0.0541262627, -6.85599518, 0),
	Vector3.new(-1.2929368, -6.24408865, 0),
	Vector3.new(0.136450291, -7.00002384, 0),
	Vector3.new(0.925827503, -6.68946266, 0),
	Vector3.new(-0.371340275, -5.61946487, 0),
	Vector3.new(0.884178638, -6.6123333, 0),
	Vector3.new(1.56784272, -6.29415607, 0),
	Vector3.new(0.402153492, -5.13045597, 0),
	Vector3.new(1.55646467, -6.33562565, 0),
	Vector3.new(2.24480152, -6.16287661, 0),
	Vector3.new(1.1891036, -4.80965042, 0),
	Vector3.new(1.66683817, -4.58854675, 0),
	Vector3.new(1.98064518, -4.65742111, 0),
	Vector3.new(2.20873809, -5.06902361, 0),
	Vector3.new(2.54897928, -7.90946388, 0),
	Vector3.new(2.70878696, -9.05759811, 0),
	Vector3.new(2.72909021, -9.31843472, 0),
	Vector3.new(2.284554, -10.1827526, 0),
	Vector3.new(1.67085552, -10.1904259, 0),
	Vector3.new(0.730145931, -10.2374392, 0),
	Vector3.new(0.48244381, -10.2907352, 0),
	Vector3.new(0.00947475433, -10.5294809, 0),
	Vector3.new(-0.189899445, -10.6721497, 0),
	Vector3.new(-0.297182083, -10.9176149, 0),
	Vector3.new(-0.313424587, -11.2137709, 0),
	Vector3.new(-0.171705723, -11.467845, 0),
	Vector3.new(0.0117383003, -11.7108574, 0),
	Vector3.new(0.118195534, -11.7924194, 0),
	Vector3.new(4.24414968, -11.7612638, 0),
	Vector3.new(4.46276903, -11.4198408, 0),
	Vector3.new(4.56067085, -10.9236965, 0),
	Vector3.new(4.59073734, -10.5220137, 0),
	Vector3.new(5.67368031, -10.6562204, 0),
	Vector3.new(6.7390542, -10.5075598, 0),
	Vector3.new(6.92654133, -11.140337, 0),
	Vector3.new(7.19086456, -11.5660772, 0),
	Vector3.new(7.73519802, -11.7128124, 0),
	Vector3.new(11.2652054, -11.7132769, 0),
	Vector3.new(11.6426563, -11.4902287, 0),
	Vector3.new(11.9167404, -11.0248461, 0),
	Vector3.new(11.7309875, -10.6976357, 0),
	Vector3.new(11.5027199, -10.4665537, 0),
	Vector3.new(11.0642014, -10.2642794, 0),
	Vector3.new(10.5451221, -10.1412258, 0),
	Vector3.new(9.99545097, -10.0757351, 0),
	Vector3.new(9.33532715, -10.2250834, 0),
	Vector3.new(8.376791, -9.53763962, 0),
	Vector3.new(8.16806602, -8.71500778, 0),
	Vector3.new(8.05581665, -7.58373022, 0),
	Vector3.new(7.81902695, -6.25827599, 0),
	Vector3.new(10.070673, -7.13037109, 0),
	Vector3.new(10.070507, -7.75184059, 0),
	Vector3.new(10.7637024, -7.98416519, 0),
	Vector3.new(10.9298687, -7.4749999, 0),
	Vector3.new(11.197216, -7.69645834, 0),
	Vector3.new(11.8041458, -7.87288809, 0),
	Vector3.new(12.3905926, -7.76530266, 0),
	Vector3.new(12.9707336, -7.2139101, 0),
	Vector3.new(12.1518745, -6.34120607, 0),
	Vector3.new(11.8273907, -6.18491268, 0),
	Vector3.new(11.2125702, -5.77179146, 0),
	Vector3.new(10.2486877, -7.07605982, 0),
	Vector3.new(11.2645035, -5.88745403, 0),
	Vector3.new(10.0108261, -5.46182299, 0),
	Vector3.new(9.46070671, -6.72335577, 0),
	Vector3.new(10.0976391, -5.39777422, 0),
	Vector3.new(9.12908745, -5.12861347, 0),
	Vector3.new(8.63739967, -6.27731419, 0),
	Vector3.new(9.10791397, -5.1320138, 0),
	Vector3.new(8.267519, -4.89390898, 0),
	Vector3.new(7.81445122, -6.08102274, 0),
	Vector3.new(8.16536903, -4.87892389, 0),
	Vector3.new(7.58121347, -4.63819695, 0),
	Vector3.new(7.45288563, -4.78544807, 0),
	Vector3.new(7.36306047, -5.06004906, 0),
	Vector3.new(7.87920618, -7.99411011, 0),
	Vector3.new(7.22846365, -8.05604553, 0),
	Vector3.new(7.10308123, -7.93780899, 0),
	Vector3.new(2.59006596, -7.92051029, 0),
	Vector3.new(3.28672981, -7.93879557, 0),
	Vector3.new(3.28036833, -7.50406218, 0),
	Vector3.new(7.08888865, -7.49885988, 0),
	Vector3.new(7.14166403, -7.836833, 0),
	Vector3.new(6.94771004, -6.82447815, 0),
	Vector3.new(3.2190969, -6.87845469, 0),
	Vector3.new(3.27954459, -7.48415661, 0),
	Vector3.new(3.15065479, -6.23260307, 0),
	Vector3.new(6.85352135, -6.14510107, 0),
	Vector3.new(6.95898104, -6.85207748, 0),
	Vector3.new(6.61321497, -5.161623, 0),
	Vector3.new(6.73389149, -5.59385729, 0),
	Vector3.new(3.06642103, -5.63960266, 0),
	Vector3.new(3.13783407, -6.20750093, 0),
	Vector3.new(2.993541, -5.04638195, 0)
}
