return {
	Vector3.new(0, 0, 0),
	Vector3.new(-0.307750702, 0.725208282, 0),
	Vector3.new(0.14333725, 1.07354736, 0),
	Vector3.new(0.777282715, 1.0598526, 0),
	Vector3.new(1.03335381, 1.35070038, 0),
	Vector3.new(0.0270195007, 1.78819466, 0),
	Vector3.new(-0.474452972, 2.15501213, 0),
	Vector3.new(-0.467292786, 2.56752586, 0),
	Vector3.new(-0.0822181702, 2.90968323, 0),
	Vector3.new(0.673179626, 2.88929367, 0),
	Vector3.new(1.35943985, 2.52011108, 0),
	Vector3.new(1.36322021, 2.92900467, 0),
	Vector3.new(0.980846405, 3.42796135, 0),
	Vector3.new(0.505971909, 3.62863541, 0),
	Vector3.new(0.0356807709, 4.00885391, 0),
	Vector3.new(0.0897159576, 4.47067833, 0),
	Vector3.new(0.612316132, 4.6228466, 0),
	Vector3.new(1.00688362, 4.53274536, 0),
	Vector3.new(1.63619804, 4.39613724, 0),
	Vector3.new(1.75618362, 4.49626732, 0),
	Vector3.new(1.68349266, 4.81670761, 0),
	Vector3.new(1.37722206, 5.21800041, 0),
	Vector3.new(0.831680298, 5.45646286, 0),
	Vector3.new(0.28302002, 5.62556648, 0),
	Vector3.new(0.446882248, 5.82627869, 0),
	Vector3.new(1.0406971, 5.96756935, 0),
	Vector3.new(1.62785912, 6.00428009, 0),
	Vector3.new(1.12487221, 6.43770599, 0),
	Vector3.new(0.461799622, 6.57131577, 0),
	Vector3.new(0.199537277, 6.72455597, 0),
	Vector3.new(-0.145088196, 7.04159546, 0),
	Vector3.new(-0.353487015, 7.37041092, 0),
	Vector3.new(-1.01098442, 7.28930283, 0),
	Vector3.new(-1.94219398, 7.34257126, 0),
	Vector3.new(-2.31942558, 7.30952644, 0),
	Vector3.new(-2.3259716, 7.2005806, 0),
	Vector3.new(-2.26354599, 7.19704056, 0),
	Vector3.new(-1.89584351, 7.06692886, 0),
	Vector3.new(-2.41148758, 6.82203674, 0),
	Vector3.new(-1.615839, 6.50398254, 0),
	Vector3.new(-2.20372963, 6.09605026, 0),
	Vector3.new(-1.46611023, 5.83658409, 0),
	Vector3.new(-2.04817963, 5.53588104, 0),
	Vector3.new(-1.75710678, 5.13354492, 0),
	Vector3.new(-2.57743645, 5.11944962, 0),
	Vector3.new(-3.03641701, 4.86407471, 0),
	Vector3.new(-3.02343369, 4.18255615, 0),
	Vector3.new(-3.07762718, 3.20031738, 0),
	Vector3.new(-2.99705887, 2.69988632, 0),
	Vector3.new(-2.72462463, 1.73470306, 0),
	Vector3.new(-2.38993263, 0.900375366, 0),
	Vector3.new(-1.74365425, -0.173221588, 0),
	Vector3.new(-1.48932076, -0.454627991, 0),
	Vector3.new(-0.153247833, 0.0680408478, 0),
	Vector3.new(-2.3155117, -0.860200882, 0),
	Vector3.new(-2.77421379, -0.246364594, 0),
	Vector3.new(-3.22361183, 0.554286957, 0),
	Vector3.new(-3.50823402, 1.34934807, 0),
	Vector3.new(-3.74249077, 2.04813004, 0),
	Vector3.new(-3.699646, 2.77761078, 0),
	Vector3.new(-3.95681572, 3.06285477, 0),
	Vector3.new(-3.61767006, 4.17315102, 0),
	Vector3.new(-2.88764, 4.70661354, 0),
	Vector3.new(-3.40185547, 5.09448624, 0),
	Vector3.new(-4.02745628, 4.60119438, 0),
	Vector3.new(-4.63729477, 5.35704041, 0),
	Vector3.new(-5.19099236, 6.15557098, 0),
	Vector3.new(-5.71269035, 6.64168167, 0),
	Vector3.new(-6.65376663, 6.85186958, 0),
	Vector3.new(-7.60131264, 6.47583389, 0),
	Vector3.new(-8.38607788, 6.1699028, 0),
	Vector3.new(-9.12930679, 6.45597458, 0),
	Vector3.new(-9.51829529, 6.76291084, 0),
	Vector3.new(-8.93127632, 7.31164169, 0),
	Vector3.new(-9.51829529, 6.76291084, 0),
	Vector3.new(-9.91781235, 6.97939301, 0),
	Vector3.new(-11.4008999, 6.81721878, 0),
	Vector3.new(-12.5853767, 6.86204338, 0),
	Vector3.new(-11.9667053, 7.33191681, 0),
	Vector3.new(-10.9461861, 7.61991882, 0),
	Vector3.new(-9.70948792, 7.88087463, 0),
	Vector3.new(-8.29203987, 7.89096832, 0),
	Vector3.new(-7.93136978, 7.36328888, 0),
	Vector3.new(-8.20166969, 6.93257904, 0),
	Vector3.new(-8.04273987, 7.41796112, 0),
	Vector3.new(-8.02714539, 7.59713745, 0),
	Vector3.new(-8.18050766, 7.83595848, 0),
	Vector3.new(-8.23032379, 7.93046951, 0),
	Vector3.new(-7.92705536, 8.08260727, 0),
	Vector3.new(-7.60413265, 8.33455658, 0),
	Vector3.new(-7.16331291, 8.58520508, 0),
	Vector3.new(-6.44851208, 8.74224472, 0),
	Vector3.new(-5.40887737, 8.72092056, 0),
	Vector3.new(-2.59981918, 8.69116974, 0),
	Vector3.new(-2.92348862, 8.24927139, 0),
	Vector3.new(-3.55795574, 7.86346626, 0),
	Vector3.new(-4.43945885, 7.70549965, 0),
	Vector3.new(-5.4688921, 7.86536026, 0),
	Vector3.new(-6.80925941, 7.85765457, 0),
	Vector3.new(-6.97236824, 7.83115387, 0),
	Vector3.new(-6.5718298, 7.62135315, 0),
	Vector3.new(-6.30639648, 7.32565308, 0),
	Vector3.new(-5.76877022, 7.23104858, 0),
	Vector3.new(-5.27712917, 7.42862701, 0),
	Vector3.new(-4.75863457, 7.62388611, 0),
	Vector3.new(-3.93498516, 7.78377151, 0),
	Vector3.new(-3.0204134, 8.13817215, 0),
	Vector3.new(-2.56944084, 8.69054031, 0),
	Vector3.new(-1.92389488, 8.98150253, 0),
	Vector3.new(-1.13898087, 9.23773575, 0),
	Vector3.new(-0.0140914917, 9.42744064, 0),
	Vector3.new(0.337730408, 9.55318069, 0),
	Vector3.new(1.09187508, 9.82714081, 0),
	Vector3.new(0.975502014, 9.02518463, 0),
	Vector3.new(1.2371521, 8.80240631, 0),
	Vector3.new(0.416614532, 8.40914726, 0),
	Vector3.new(-0.272502899, 7.81068802, 0),
	Vector3.new(-0.308298111, 7.41765594, 0),
	Vector3.new(-1.48103142, 7.63243484, 0),
	Vector3.new(-1.81452179, 7.66577148, 0),
	Vector3.new(-1.92449188, 8.03455734, 0),
	Vector3.new(-1.4022522, 8.30528831, 0),
	Vector3.new(-0.82636261, 8.57169342, 0),
	Vector3.new(-0.108385086, 8.94096375, 0),
	Vector3.new(-0.0737094879, 9.34782791, 0),
	Vector3.new(-1.34868813, 9.1880455, 0),
	Vector3.new(-2.53798389, 8.71772766, 0),
	Vector3.new(-3.0818367, 8.13925362, 0),
	Vector3.new(-4.28296089, 7.70313072, 0),
	Vector3.new(-5.60713959, 7.25823593, 0),
	Vector3.new(-5.82862759, 6.85007858, 0),
	Vector3.new(-5.20422363, 6.13337326, 0),
	Vector3.new(-6.37406635, 6.05105782, 0),
	Vector3.new(-7.77866173, 5.75603485, 0),
	Vector3.new(-7.92146301, 5.99992561, 0),
	Vector3.new(-7.50337696, 6.23902893, 0),
	Vector3.new(-7.02131271, 6.50525665, 0),
	Vector3.new(-7.04624939, 6.59503937, 0),
	Vector3.new(-7.83263111, 6.24136734, 0),
	Vector3.new(-8.37988758, 6.06336784, 0),
	Vector3.new(-9.02754498, 6.24985123, 0),
	Vector3.new(-8.41918373, 6.00281906, 0),
	Vector3.new(-8.32242584, 5.97185326, 0),
	Vector3.new(-7.99344921, 5.93962097, 0),
	Vector3.new(-7.73711681, 5.84711075, 0),
	Vector3.new(-10.0994587, 5.70483971, 0),
	Vector3.new(-12.8862858, 5.74786568, 0),
	Vector3.new(-13.3417511, 5.74985313, 0),
	Vector3.new(-13.4757977, 5.5617218, 0),
	Vector3.new(-13.2718773, 5.27696419, 0),
	Vector3.new(-12.7607059, 4.67273712, 0),
	Vector3.new(-13.5349522, 4.70387077, 0),
	Vector3.new(-14.8531418, 5.81964874, 0),
	Vector3.new(-15.4258327, 6.23246002, 0),
	Vector3.new(-15.8376446, 6.73668289, 0),
	Vector3.new(-16.0634308, 7.26691818, 0),
	Vector3.new(-15.4434166, 6.95043373, 0),
	Vector3.new(-14.8433228, 6.72740555, 0),
	Vector3.new(-13.8580685, 6.50163269, 0),
	Vector3.new(-12.9344864, 6.37046623, 0),
	Vector3.new(-12.1251926, 6.21008492, 0),
	Vector3.new(-13.2668362, 5.78087616, 0),
	Vector3.new(-13.5366764, 5.62492943, 0),
	Vector3.new(-13.1144428, 5.15001106, 0),
	Vector3.new(-10.8317738, 5.02163506, 0),
	Vector3.new(-8.85718155, 4.98931885, 0),
	Vector3.new(-8.54594994, 4.04912949, 0),
	Vector3.new(-8.52530289, 3.22044945, 0),
	Vector3.new(-8.35741997, 3.18982697, 0),
	Vector3.new(-7.9615345, 3.41732597, 0),
	Vector3.new(-7.42638588, 4.11701393, 0),
	Vector3.new(-7.14360332, 3.89825821, 0),
	Vector3.new(-6.88616276, 4.18184662, 0),
	Vector3.new(-6.53146648, 4.46333122, 0),
	Vector3.new(-6.01799488, 4.7115593, 0),
	Vector3.new(-5.47931576, 4.92664528, 0),
	Vector3.new(-4.34913826, 4.86566925, 0),
	Vector3.new(-4.80005264, 5.411726, 0),
	Vector3.new(-5.9010973, 5.41474724, 0),
	Vector3.new(-6.68297482, 5.04977417, 0),
	Vector3.new(-7.96457195, 4.83390808, 0),
	Vector3.new(-8.85398006, 5.02040672, 0),
	Vector3.new(-8.73379993, 5.20635223, 0),
	Vector3.new(-7.86595249, 5.17414665, 0),
	Vector3.new(-7.39483547, 5.23492432, 0),
	Vector3.new(-6.15747833, 5.47620583, 0),
	Vector3.new(-5.36911106, 5.59456444, 0),
	Vector3.new(-4.85137558, 5.62270546, 0),
	Vector3.new(-4.22708702, 4.74388885, 0),
	Vector3.new(-5.27995968, 4.98768234, 0),
	Vector3.new(-5.10281181, 4.7124958, 0),
	Vector3.new(-4.74102211, 4.25187302, 0),
	Vector3.new(-3.78204346, 4.00891304, 0),
	Vector3.new(-4.8061409, 4.25164413, 0),
	Vector3.new(-4.98242855, 4.55922508, 0),
	Vector3.new(-4.98242855, 4.55922508, 0),
	Vector3.new(-5.37180996, 4.09452438, 0),
	Vector3.new(-5.72020817, 3.81203461, 0),
	Vector3.new(-5.68023777, 3.43527985, 0),
	Vector3.new(-5.62695694, 3.24620819, 0),
	Vector3.new(-5.04731846, 2.9983902, 0),
	Vector3.new(-4.55998611, 2.87675858, 0),
	Vector3.new(-4.23813248, 2.75355721, 0),
	Vector3.new(-3.87742043, 2.75774765, 0),
	Vector3.new(-3.21688652, 2.95433426, 0),
	Vector3.new(-3.03832722, 2.57805824, 0),
	Vector3.new(-3.50765038, 2.28590393, 0),
	Vector3.new(-4.02003765, 1.89341354, 0),
	Vector3.new(-4.1906147, 1.793787, 0),
	Vector3.new(-4.00842667, 2.75622559, 0),
	Vector3.new(-4.29712486, 1.66250801, 0),
	Vector3.new(-4.47612, 1.43175888, 0),
	Vector3.new(-4.67183113, 0.340204239, 0),
	Vector3.new(-4.72369385, -0.568610191, 0),
	Vector3.new(-4.72723484, -1.8383379, 0),
	Vector3.new(-4.7667551, -2.5390377, 0),
	Vector3.new(-5.16263294, -2.76694107, 0),
	Vector3.new(-5.93766403, -2.83447838, 0),
	Vector3.new(-6.85941219, -2.8726778, 0),
	Vector3.new(-7.7421236, -2.76576233, 0),
	Vector3.new(-8.12945557, -2.28120613, 0),
	Vector3.new(-8.46911049, -1.69163609, 0),
	Vector3.new(-8.50787163, -1.34161282, 0),
	Vector3.new(-8.26499653, -1.01970577, 0),
	Vector3.new(-7.95656395, -0.733007431, 0),
	Vector3.new(-7.8635788, -0.0782814026, 0),
	Vector3.new(-7.90043259, 0.294649124, 0),
	Vector3.new(-7.44460773, 0.743240356, 0),
	Vector3.new(-7.26315022, 0.8475914, 0),
	Vector3.new(-7.10771751, 1.48150826, 0),
	Vector3.new(-6.90210056, 1.91188431, 0),
	Vector3.new(-6.90210056, 1.91188431, 0),
	Vector3.new(-6.45027065, 2.04934311, 0),
	Vector3.new(-6.41582584, 2.50312042, 0),
	Vector3.new(-6.24997616, 2.92221451, 0),
	Vector3.new(-5.65579319, 3.3092041, 0),
	Vector3.new(-6.14245224, 3.01904106, 0),
	Vector3.new(-6.25952053, 2.79416656, 0),
	Vector3.new(-6.35815144, 2.37480164, 0),
	Vector3.new(-6.24487972, 2.0849514, 0),
	Vector3.new(-5.56197834, 1.73817253, 0),
	Vector3.new(-4.76924515, 1.55666161, 0),
	Vector3.new(-4.39686775, 1.66076279, 0),
	Vector3.new(-4.16532612, 1.01290321, 0),
	Vector3.new(-3.03628922, 1.84529305, 0),
	Vector3.new(-4.48096466, 0.742729187, 0),
	Vector3.new(-4.62860203, 0.507530212, 0),
	Vector3.new(-4.7132988, 0.205730438, 0),
	Vector3.new(-5.48199368, 0.387147903, 0),
	Vector3.new(-6.16095638, 0.437717438, 0),
	Vector3.new(-6.65866566, 0.660398483, 0),
	Vector3.new(-7.18855667, 0.915962219, 0),
	Vector3.new(-7.71985531, 0.366695404, 0),
	Vector3.new(-7.79345417, -0.0764312744, 0),
	Vector3.new(-7.79430199, -0.487133026, 0),
	Vector3.new(-7.3370924, -0.886919022, 0),
	Vector3.new(-6.3731041, -1.06381416, 0),
	Vector3.new(-5.51235104, -1.13947773, 0),
	Vector3.new(-4.99725819, -1.15708542, 0),
	Vector3.new(-4.62906265, -0.701541901, 0),
	Vector3.new(-3.77370262, -0.540587425, 0),
	Vector3.new(-3.18609047, -0.154699326, 0),
	Vector3.new(-2.36701012, 0.462673187, 0),
	Vector3.new(-2.5970974, 1.37010193, 0),
	Vector3.new(-3.24635124, 0.770454407, 0),
	Vector3.new(-3.93638229, 0.25866127, 0),
	Vector3.new(-4.5873909, 0.0417327881, 0),
	Vector3.new(-4.62334442, -0.59954834, 0),
	Vector3.new(-4.71743965, -1.66463375, 0),
	Vector3.new(-3.98646164, -1.4322958, 0),
	Vector3.new(-2.97924519, -0.820302963, 0),
	Vector3.new(-2.18995953, -0.160528183, 0),
	Vector3.new(-1.91886139, 0.0787010193, 0),
	Vector3.new(-1.60367393, -0.409950256, 0),
	Vector3.new(-3.48374748, -1.58658123, 0),
	Vector3.new(-4.4394722, -2.24560165, 0),
	Vector3.new(-4.76277924, -2.46854019, 0),
	Vector3.new(-3.73004627, -1.76756859, 0),
	Vector3.new(-4.60814857, -0.328549385, 0),
	Vector3.new(-3.76255608, -1.73423004, 0),
	Vector3.new(-2.92946815, -1.25964165, 0),
	Vector3.new(-3.70303917, -0.47110939, 0),
	Vector3.new(-3.80548477, 0.195465088, 0),
	Vector3.new(-4.0985651, 1.01430702, 0),
	Vector3.new(-4.58366203, 0.707366943, 0),
	Vector3.new(-5.03536701, -2.97440529, 0),
	Vector3.new(-4.13792896, -2.40869808, 0),
	Vector3.new(-2.85075951, -1.83893967, 0),
	Vector3.new(-0.896108627, -1.12411022, 0),
	Vector3.new(1.02609634, -0.59650898, 0),
	Vector3.new(-0.469326019, -3.30314255, 0),
	Vector3.new(-2.31868935, -4.13445568, 0),
	Vector3.new(-2.62511826, -3.083004, 0),
	Vector3.new(-4.31993103, -3.26349258, 0),
	Vector3.new(-5.14467049, -3.05017376, 0),
	Vector3.new(-4.69989014, -3.2089653, 0),
	Vector3.new(-4.84537601, -3.933074, 0),
	Vector3.new(-4.60107613, -4.61128426, 0),
	Vector3.new(-4.60107613, -4.61128426, 0),
	Vector3.new(-5.02271843, -5.18501091, 0),
	Vector3.new(-5.20142651, -5.1947155, 0),
	Vector3.new(-5.32898903, -6.13579655, 0),
	Vector3.new(-6.06196117, -6.29288578, 0),
	Vector3.new(-6.43977642, -5.97470474, 0),
	Vector3.new(-7.23551846, -5.41757584, 0),
	Vector3.new(-7.61420822, -4.69172668, 0),
	Vector3.new(-7.65959167, -4.3612175, 0),
	Vector3.new(-8.39737034, -3.26179695, 0),
	Vector3.new(-7.95786285, -2.77453899, 0),
	Vector3.new(-8.33130836, -3.33148956, 0),
	Vector3.new(-8.76127911, -3.27750397, 0),
	Vector3.new(-8.82149696, -4.30716515, 0),
	Vector3.new(-7.77198792, -4.40364647, 0),
	Vector3.new(-9.50504303, -4.15490246, 0),
	Vector3.new(-10.5519543, -3.90763855, 0),
	Vector3.new(-11.8422413, -3.15263462, 0),
	Vector3.new(-12.3405704, -2.36867905, 0),
	Vector3.new(-12.611063, -1.87200737, 0),
	Vector3.new(-12.3119183, -1.57440376, 0),
	Vector3.new(-11.6279621, -2.01713657, 0),
	Vector3.new(-11.4121609, -2.369874, 0),
	Vector3.new(-11.8149014, -2.93144989, 0),
	Vector3.new(-11.3596745, -2.54897499, 0),
	Vector3.new(-10.705019, -2.63214779, 0),
	Vector3.new(-10.2862263, -2.83296013, 0),
	Vector3.new(-10.5645847, -3.686409, 0),
	Vector3.new(-10.1584644, -3.00939941, 0),
	Vector3.new(-9.63964272, -2.95162582, 0),
	Vector3.new(-8.76471138, -3.31399727, 0),
	Vector3.new(-8.31495094, -3.14961243, 0),
	Vector3.new(-7.83759975, -2.6264534, 0),
	Vector3.new(-8.43370056, -3.26336575, 0),
	Vector3.new(-9.61417198, -3.05944824, 0),
	Vector3.new(-10.27318, -3.05056953, 0),
	Vector3.new(-10.5735569, -2.7719593, 0),
	Vector3.new(-11.3793869, -2.40480804, 0),
	Vector3.new(-12.1631756, -1.56941414, 0),
	Vector3.new(-12.4231358, -1.2923336, 0),
	Vector3.new(-12.555975, -0.623246193, 0),
	Vector3.new(-12.7146778, 0.107543945, 0),
	Vector3.new(-12.9833241, 0.551790237, 0),
	Vector3.new(-13.0644531, 0.756908417, 0),
	Vector3.new(-12.6052914, 1.17728424, 0),
	Vector3.new(-11.9486961, 1.49477196, 0),
	Vector3.new(-11.8013554, 1.80025673, 0),
	Vector3.new(-11.9432945, 1.91438484, 0),
	Vector3.new(-11.8796425, 2.27948761, 0),
	Vector3.new(-11.7278652, 2.56837463, 0),
	Vector3.new(-11.8514843, 2.87127304, 0),
	Vector3.new(-12.0811462, 3.12568665, 0),
	Vector3.new(-12.1133766, 3.0939064, 0),
	Vector3.new(-12.2421227, 2.86314583, 0),
	Vector3.new(-12.3389778, 2.56938553, 0),
	Vector3.new(-12.5009251, 2.39928436, 0),
	Vector3.new(-12.8448658, 2.21689606, 0),
	Vector3.new(-12.5452862, 2.02906036, 0),
	Vector3.new(-12.0648975, 1.93540001, 0),
	Vector3.new(-12.4803925, 1.99752045, 0),
	Vector3.new(-12.8558121, 2.1852684, 0),
	Vector3.new(-13.1438541, 2.0778904, 0),
	Vector3.new(-13.2133961, 2.36947632, 0),
	Vector3.new(-13.0522461, 2.63050079, 0),
	Vector3.new(-13.028614, 2.8467865, 0),
	Vector3.new(-13.0991764, 3.0491581, 0),
	Vector3.new(-13.2414474, 3.24755096, 0),
	Vector3.new(-13.5104389, 3.54553986, 0),
	Vector3.new(-14.0420399, 3.87143517, 0),
	Vector3.new(-14.5009022, 4.00717545, 0),
	Vector3.new(-14.7547054, 4.03543091, 0),
	Vector3.new(-14.4937649, 3.71873665, 0),
	Vector3.new(-14.1108627, 3.288414, 0),
	Vector3.new(-13.469286, 3.22213364, 0),
	Vector3.new(-14.07967, 3.20755768, 0),
	Vector3.new(-14.3313198, 2.94505692, 0),
	Vector3.new(-14.4085102, 2.59691238, 0),
	Vector3.new(-14.39744, 2.16180038, 0),
	Vector3.new(-14.3308983, 1.83013535, 0),
	Vector3.new(-14.3243961, 1.58124352, 0),
	Vector3.new(-14.7371635, 1.90132904, 0),
	Vector3.new(-14.9734383, 2.2905674, 0),
	Vector3.new(-15.1757412, 2.53918457, 0),
	Vector3.new(-15.4879131, 2.84095573, 0),
	Vector3.new(-16.0138302, 3.09050751, 0),
	Vector3.new(-16.394165, 3.20290756, 0),
	Vector3.new(-17.0350971, 3.21645927, 0),
	Vector3.new(-16.7167778, 2.92514038, 0),
	Vector3.new(-16.284277, 2.59939957, 0),
	Vector3.new(-16.0648174, 2.46050644, 0),
	Vector3.new(-15.4301167, 2.6801548, 0),
	Vector3.new(-16.3927212, 2.39187431, 0),
	Vector3.new(-16.3921566, 2.07367134, 0),
	Vector3.new(-16.2264633, 1.71906281, 0),
	Vector3.new(-15.8620605, 1.21360779, 0),
	Vector3.new(-15.6063061, 0.980388641, 0),
	Vector3.new(-15.3492126, 0.883317947, 0),
	Vector3.new(-15.1175289, 0.731031418, 0),
	Vector3.new(-15.1175289, 0.731031418, 0),
	Vector3.new(-15.3776054, -1.27652168, 0),
	Vector3.new(-15.8392696, -1.64339828, 0),
	Vector3.new(-16.0686913, -1.94341469, 0),
	Vector3.new(-16.298521, -2.1259222, 0),
	Vector3.new(-16.5564518, -2.30503368, 0),
	Vector3.new(-16.5565052, -2.62940121, 0),
	Vector3.new(-16.4989948, -2.69496059, 0),
	Vector3.new(-17.101141, -3.13123608, 0),
	Vector3.new(-17.4707451, -3.29516602, 0),
	Vector3.new(-16.8743877, -3.5473938, 0),
	Vector3.new(-16.1786671, -3.26990509, 0),
	Vector3.new(-15.916811, -2.96893787, 0),
	Vector3.new(-16.4414444, -2.64195538, 0),
	Vector3.new(-15.8288593, -2.94879723, 0),
	Vector3.new(-15.5932579, -2.91501236, 0),
	Vector3.new(-15.2146282, -2.38495922, 0),
	Vector3.new(-15.0704765, -2.1008482, 0),
	Vector3.new(-14.8990479, -1.70144653, 0),
	Vector3.new(-14.5155773, -1.46988773, 0),
	Vector3.new(-14.2244415, -2.24492931, 0),
	Vector3.new(-14.0011749, -2.57133389, 0),
	Vector3.new(-13.4185104, -3.2827673, 0),
	Vector3.new(-12.9952946, -3.58265495, 0),
	Vector3.new(-12.6904678, -3.96835136, 0),
	Vector3.new(-12.0535641, -4.33704472, 0),
	Vector3.new(-11.253685, -4.9323101, 0),
	Vector3.new(-10.6781845, -5.41119194, 0),
	Vector3.new(-9.96217537, -6.19498634, 0),
	Vector3.new(-9.71370888, -7.17398643, 0),
	Vector3.new(-9.48602104, -7.81481361, 0),
	Vector3.new(-8.78599167, -7.43046188, 0),
	Vector3.new(-8.40251732, -6.74372768, 0),
	Vector3.new(-7.93680477, -6.56587029, 0),
	Vector3.new(-6.89863777, -6.39804459, 0),
	Vector3.new(-5.48818302, -6.20346165, 0),
	Vector3.new(-5.44017887, -6.93804359, 0),
	Vector3.new(-6.01509857, -7.07101345, 0),
	Vector3.new(-6.36676788, -7.41899681, 0),
	Vector3.new(-6.08692074, -7.83188057, 0),
	Vector3.new(-6.71436691, -8.17267418, 0),
	Vector3.new(-6.82968044, -8.56150627, 0),
	Vector3.new(-6.8343668, -8.89696789, 0),
	Vector3.new(-7.26317787, -9.26995659, 0),
	Vector3.new(-8.08833218, -9.90499401, 0),
	Vector3.new(-8.8706274, -10.0527372, 0),
	Vector3.new(-9.79576874, -10.0924425, 0),
	Vector3.new(-10.8330231, -9.73723412, 0),
	Vector3.new(-11.3396168, -9.56375217, 0),
	Vector3.new(-11.9366131, -9.51754761, 0),
	Vector3.new(-12.4240055, -9.42052269, 0),
	Vector3.new(-13.1023712, -9.46304417, 0),
	Vector3.new(-13.4277153, -9.78848267, 0),
	Vector3.new(-12.8197556, -9.77068233, 0),
	Vector3.new(-12.3658199, -9.97232723, 0),
	Vector3.new(-12.3547153, -10.2287521, 0),
	Vector3.new(-12.6861134, -10.5590782, 0),
	Vector3.new(-13.3019791, -10.5347214, 0),
	Vector3.new(-13.8381329, -10.6344604, 0),
	Vector3.new(-14.2650318, -10.9007378, 0),
	Vector3.new(-13.4902611, -11.0026875, 0),
	Vector3.new(-12.527092, -11.0713606, 0),
	Vector3.new(-12.4139004, -11.2818985, 0),
	Vector3.new(-12.8547726, -11.5528097, 0),
	Vector3.new(-13.2586994, -11.8304615, 0),
	Vector3.new(-13.4147644, -12.3161945, 0),
	Vector3.new(-12.8643589, -12.2238674, 0),
	Vector3.new(-11.9586315, -12.0237312, 0),
	Vector3.new(-11.9745979, -11.680685, 0),
	Vector3.new(-12.1698494, -11.262455, 0),
	Vector3.new(-12.4103642, -10.545393, 0),
	Vector3.new(-12.3880348, -10.258131, 0),
	Vector3.new(-12.2262745, -10.0011768, 0),
	Vector3.new(-11.8803253, -9.96344185, 0),
	Vector3.new(-11.6550636, -9.57359505, 0),
	Vector3.new(-11.8468342, -9.93392658, 0),
	Vector3.new(-12.1579609, -9.97899818, 0),
	Vector3.new(-12.3801327, -10.4421616, 0),
	Vector3.new(-11.474802, -10.3401756, 0),
	Vector3.new(-10.7544937, -10.4537811, 0),
	Vector3.new(-9.74786186, -10.2513208, 0),
	Vector3.new(-10.6082878, -10.4843063, 0),
	Vector3.new(-11.0046558, -10.4756289, 0),
	Vector3.new(-11.4767475, -10.30299, 0),
	Vector3.new(-12.1697178, -10.4870701, 0),
	Vector3.new(-12.3194294, -11.0435972, 0),
	Vector3.new(-12.1815872, -11.0000896, 0),
	Vector3.new(-11.4414806, -10.9767904, 0),
	Vector3.new(-10.8649349, -11.0274668, 0),
	Vector3.new(-12.1108379, -11.015708, 0),
	Vector3.new(-12.006834, -11.748456, 0),
	Vector3.new(-11.704567, -12.1212826, 0),
	Vector3.new(-11.3065262, -12.1766205, 0),
	Vector3.new(-10.5121613, -12.0549335, 0),
	Vector3.new(-10.0100098, -11.8238411, 0),
	Vector3.new(-9.38693619, -11.6554136, 0),
	Vector3.new(-8.8218298, -11.625474, 0),
	Vector3.new(-7.89092636, -11.7120914, 0),
	Vector3.new(-7.22781467, -11.4772663, 0),
	Vector3.new(-6.43118095, -11.3682289, 0),
	Vector3.new(-5.49680138, -11.7931929, 0),
	Vector3.new(-4.97473907, -11.9207039, 0),
	Vector3.new(-4.482234, -11.8339491, 0),
	Vector3.new(-4.0422411, -11.8160791, 0),
	Vector3.new(-3.62968826, -11.6196203, 0),
	Vector3.new(-2.9828968, -11.8941784, 0),
	Vector3.new(-2.96889305, -11.3979464, 0),
	Vector3.new(-3.4859314, -11.1314497, 0),
	Vector3.new(-4.07771873, -10.9686985, 0),
	Vector3.new(-4.0749979, -11.6020031, 0),
	Vector3.new(-4.17782497, -10.9299459, 0),
	Vector3.new(-4.90746307, -10.8674068, 0),
	Vector3.new(-6.05478382, -10.6851597, 0),
	Vector3.new(-5.68745518, -9.97544765, 0),
	Vector3.new(-4.91664982, -9.11929893, 0),
	Vector3.new(-3.80257416, -8.18591118, 0),
	Vector3.new(-2.66326904, -7.49502754, 0),
	Vector3.new(-2.06187248, -6.92510128, 0),
	Vector3.new(-1.57917976, -7.88980103, 0),
	Vector3.new(-1.24980164, -8.33231163, 0),
	Vector3.new(-0.912084579, -8.47682858, 0),
	Vector3.new(-0.547994614, -7.78846169, 0),
	Vector3.new(-0.297294617, -7.33432674, 0),
	Vector3.new(-0.463075638, -6.80718803, 0),
	Vector3.new(-0.5222435, -6.35291195, 0),
	Vector3.new(-0.318586349, -5.84564209, 0),
	Vector3.new(-0.0578918457, -5.18673515, 0),
	Vector3.new(-0.100618362, -4.68458366, 0),
	Vector3.new(-0.601736069, -4.73563576, 0),
	Vector3.new(-0.799758911, -4.9496994, 0),
	Vector3.new(-1.14395905, -5.03561592, 0),
	Vector3.new(-1.5974617, -5.338871, 0),
	Vector3.new(-2.13653755, -5.51488209, 0),
	Vector3.new(-2.56673241, -5.6305809, 0),
	Vector3.new(-2.60088158, -5.94676685, 0),
	Vector3.new(-2.75670242, -6.26169872, 0),
	Vector3.new(-3.32640457, -5.92816162, 0),
	Vector3.new(-3.60488701, -5.69942856, 0),
	Vector3.new(-3.9029808, -6.07214451, 0),
	Vector3.new(-5.58184242, -8.76162052, 0),
	Vector3.new(-6.00027657, -9.04933262, 0),
	Vector3.new(-5.99562836, -9.08308697, 0),
	Vector3.new(-6.3977108, -9.5079546, 0),
	Vector3.new(-6.78912926, -9.3255167, 0),
	Vector3.new(-6.81100464, -9.15645027, 0),
	Vector3.new(-6.84458923, -8.92452335, 0),
	Vector3.new(-6.7053318, -8.2310276, 0),
	Vector3.new(-6.0724268, -7.82637501, 0),
	Vector3.new(-5.34740829, -8.36812973, 0),
	Vector3.new(-6.07773876, -7.7857132, 0),
	Vector3.new(-6.36297035, -7.4174614, 0),
	Vector3.new(-5.9867754, -7.0583601, 0),
	Vector3.new(-5.45869637, -6.9268446, 0),
	Vector3.new(-4.46016788, -6.98772812, 0),
	Vector3.new(-5.39626503, -6.92819786, 0),
	Vector3.new(-5.44459915, -6.19945431, 0),
	Vector3.new(-5.05117798, -6.2063303, 0),
	Vector3.new(-4.5486145, -6.40512276, 0),
	Vector3.new(-4.22374153, -6.55187225, 0),
	Vector3.new(-5.01830196, -6.18177032, 0),
	Vector3.new(-5.31346512, -6.17665386, 0),
	Vector3.new(-5.16605568, -5.1992054, 0),
	Vector3.new(-4.97380352, -5.12975311, 0),
	Vector3.new(-4.71331406, -4.83623314, 0),
	Vector3.new(-4.35910416, -5.13668251, 0),
	Vector3.new(-4.01800442, -5.21262169, 0),
	Vector3.new(-3.64741325, -5.24109268, 0),
	Vector3.new(-3.59305382, -5.69371128, 0),
	Vector3.new(-3.63277435, -5.13285351, 0),
	Vector3.new(-3.15408516, -5.09008884, 0),
	Vector3.new(-2.75451279, -5.07038021, 0),
	Vector3.new(-2.86890221, -5.38417435, 0),
	Vector3.new(-2.86148834, -5.6423254, 0),
	Vector3.new(-2.61052132, -5.70786476, 0),
	Vector3.new(-2.19930649, -5.53075695, 0),
	Vector3.new(-2.23996067, -5.23910713, 0),
	Vector3.new(-2.2752409, -5.101408, 0),
	Vector3.new(-2.72572517, -5.01324081, 0),
	Vector3.new(-2.27179527, -5.04912853, 0),
	Vector3.new(-2.15022469, -4.74656487, 0),
	Vector3.new(-1.77163887, -4.5879612, 0),
	Vector3.new(-1.58036804, -4.65302181, 0),
	Vector3.new(-1.44655609, -5.08602142, 0),
	Vector3.new(-1.5878334, -4.51095581, 0),
	Vector3.new(-1.33210945, -4.21478081, 0),
	Vector3.new(-0.816156387, -4.21079826, 0),
	Vector3.new(-0.752700806, -3.50740433, 0),
	Vector3.new(-0.835975647, -4.24231911, 0),
	Vector3.new(-0.734115601, -4.64418316, 0),
	Vector3.new(0.121837616, -4.39171124, 0),
	Vector3.new(1.04650879, -4.34387589, 0),
	Vector3.new(1.25442314, -4.4101553, 0),
	Vector3.new(1.09132004, -4.88938141, 0),
	Vector3.new(1.02654266, -6.56015968, 0),
	Vector3.new(0.645080566, -6.84466743, 0),
	Vector3.new(-0.206302643, -7.27592659, 0),
	Vector3.new(0.996763229, -6.77072811, 0),
	Vector3.new(1.990242, -6.78792477, 0),
	Vector3.new(2.54107666, -6.52951431, 0),
	Vector3.new(3.46265411, -6.00282669, 0),
	Vector3.new(3.74577332, -5.8360424, 0),
	Vector3.new(3.98290825, -5.45734978, 0),
	Vector3.new(3.94795227, -4.91852379, 0),
	Vector3.new(3.87267113, -4.45308399, 0),
	Vector3.new(3.6024704, -4.05283356, 0),
	Vector3.new(3.17607307, -4.06433105, 0),
	Vector3.new(2.49980164, -4.45517921, 0),
	Vector3.new(2.22278023, -4.82225513, 0),
	Vector3.new(2.02942276, -4.79850006, 0),
	Vector3.new(1.11849403, -4.4219532, 0),
	Vector3.new(2.1362381, -4.80879593, 0),
	Vector3.new(1.24160767, -4.40365982, 0),
	Vector3.new(0.862091064, -4.32449532, 0),
	Vector3.new(-0.28112793, -4.49132919, 0),
	Vector3.new(-0.778814316, -4.59186745, 0),
	Vector3.new(-0.757867813, -3.74177647, 0),
	Vector3.new(-0.0859279633, -2.97984695, 0),
	Vector3.new(0.761734009, -2.143363, 0),
	Vector3.new(2.0078373, -1.16674614, 0),
	Vector3.new(2.69953537, -0.822863579, 0),
	Vector3.new(2.36331177, -1.5865593, 0),
	Vector3.new(2.27507401, -2.75160789, 0),
	Vector3.new(2.27061653, -4.35686111, 0),
	Vector3.new(2.2899456, -4.51418114, 0),
	Vector3.new(2.72558212, -3.56453037, 0),
	Vector3.new(3.34304428, -2.10805511, 0),
	Vector3.new(3.86998749, -0.964014053, 0),
	Vector3.new(4.41353226, -0.539842606, 0),
	Vector3.new(5.37024307, -2.33983612, 0),
	Vector3.new(5.89868164, -3.58948326, 0),
	Vector3.new(6.18080521, -4.36550331, 0),
	Vector3.new(5.22736168, -4.06184959, 0),
	Vector3.new(4.70243263, -4.0409317, 0),
	Vector3.new(4.15766907, -3.9195137, 0),
	Vector3.new(3.70672226, -4.01167488, 0),
	Vector3.new(3.91305161, -4.52547264, 0),
	Vector3.new(4.10484886, -5.1890564, 0),
	Vector3.new(3.98501968, -5.81963158, 0),
	Vector3.new(3.74717712, -6.06323051, 0),
	Vector3.new(4.34108353, -6.00638771, 0),
	Vector3.new(4.92757034, -6.03410339, 0),
	Vector3.new(5.06973457, -5.96344376, 0),
	Vector3.new(5.68350601, -5.25623798, 0),
	Vector3.new(6.05094147, -4.58438492, 0),
	Vector3.new(6.20097351, -4.37552166, 0),
	Vector3.new(6.42344666, -4.36629963, 0),
	Vector3.new(7.06635284, -4.13988304, 0),
	Vector3.new(7.64636803, -3.82110596, 0),
	Vector3.new(8.30479431, -3.63353539, 0),
	Vector3.new(8.06949615, -4.26478386, 0),
	Vector3.new(7.82992554, -4.50909424, 0),
	Vector3.new(7.29786301, -4.83774948, 0),
	Vector3.new(6.6583252, -5.24721146, 0),
	Vector3.new(6.24813461, -5.33605003, 0),
	Vector3.new(5.79148483, -5.3568716, 0),
	Vector3.new(6.40512848, -5.64781284, 0),
	Vector3.new(7.15662003, -5.64813614, 0),
	Vector3.new(7.78092194, -5.72566319, 0),
	Vector3.new(8.1022625, -5.85362148, 0),
	Vector3.new(8.26391602, -6.24461174, 0),
	Vector3.new(8.26391602, -6.24461174, 0),
	Vector3.new(8.3225174, -6.68537903, 0),
	Vector3.new(8.18718719, -7.069561, 0),
	Vector3.new(7.38129044, -7.30444717, 0),
	Vector3.new(6.60522652, -7.46288681, 0),
	Vector3.new(6.35277557, -7.55467224, 0),
	Vector3.new(6.05028725, -7.41555405, 0),
	Vector3.new(5.21797562, -7.03659153, 0),
	Vector3.new(4.83215714, -6.26793957, 0),
	Vector3.new(5.33002853, -6.9925375, 0),
	Vector3.new(6.2845192, -7.51942158, 0),
	Vector3.new(6.67841339, -7.93006802, 0),
	Vector3.new(7.5163269, -8.12098217, 0),
	Vector3.new(8.28702545, -8.27647781, 0),
	Vector3.new(8.89136124, -7.92245865, 0),
	Vector3.new(9.37431717, -7.50385284, 0),
	Vector3.new(8.69218826, -6.9667387, 0),
	Vector3.new(8.3902359, -6.71925163, 0),
	Vector3.new(8.18754959, -5.84950733, 0),
	Vector3.new(8.4298439, -5.16697216, 0),
	Vector3.new(8.76538277, -4.57039547, 0),
	Vector3.new(8.16074944, -4.19463062, 0),
	Vector3.new(9.12667084, -4.38733768, 0),
	Vector3.new(10.2114029, -4.1763134, 0),
	Vector3.new(10.6974068, -3.92739868, 0),
	Vector3.new(10.4411736, -3.48735237, 0),
	Vector3.new(9.84986115, -3.47815514, 0),
	Vector3.new(8.70742035, -3.61799145, 0),
	Vector3.new(8.35855865, -3.63146114, 0),
	Vector3.new(7.56331253, -3.92233467, 0),
	Vector3.new(6.3956604, -4.36745167, 0),
	Vector3.new(6.3949604, -3.77231789, 0),
	Vector3.new(6.31041336, -3.07122517, 0),
	Vector3.new(6.03351212, -1.80157757, 0),
	Vector3.new(5.68680763, -0.890345573, 0),
	Vector3.new(5.47424698, 0.00985717773, 0),
	Vector3.new(5.42420959, 0.221765518, 0),
	Vector3.new(5.59849358, 0.119401932, 0),
	Vector3.new(5.95096207, -0.194498062, 0),
	Vector3.new(6.71841812, -0.723743439, 0),
	Vector3.new(7.46108627, -1.29530144, 0),
	Vector3.new(8.21445084, -1.85255623, 0),
	Vector3.new(9.06626701, -2.51176643, 0),
	Vector3.new(9.68232727, -2.79598236, 0),
	Vector3.new(10.2204247, -3.30573273, 0),
	Vector3.new(10.2841873, -3.02173519, 0),
	Vector3.new(9.95175552, -2.42144012, 0),
	Vector3.new(9.33024216, -1.7889185, 0),
	Vector3.new(8.20570946, -0.71301651, 0),
	Vector3.new(7.53350067, -0.130598068, 0),
	Vector3.new(6.39512634, 0.685365677, 0),
	Vector3.new(7.25616074, 0.573724747, 0),
	Vector3.new(8.59490013, 0.106449127, 0),
	Vector3.new(9.86012268, -0.236398697, 0),
	Vector3.new(11.9579544, -0.862178802, 0),
	Vector3.new(13.2453308, -1.29935074, 0),
	Vector3.new(14.6003647, -1.74143982, 0),
	Vector3.new(14.6312103, -1.97147179, 0),
	Vector3.new(13.7834435, -2.08652878, 0),
	Vector3.new(12.735611, -2.2982254, 0),
	Vector3.new(12.0374432, -2.47122288, 0),
	Vector3.new(11.0594521, -3.05564308, 0),
	Vector3.new(10.5564919, -3.35619545, 0),
	Vector3.new(11.538599, -2.92209816, 0),
	Vector3.new(12.1380386, -2.50823402, 0),
	Vector3.new(12.8431587, -2.44059277, 0),
	Vector3.new(14.1907578, -2.16711044, 0),
	Vector3.new(14.1377487, -2.38011742, 0),
	Vector3.new(14.3211746, -2.77640724, 0),
	Vector3.new(14.8034821, -3.21033478, 0),
	Vector3.new(15.21698, -3.46661282, 0),
	Vector3.new(15.7319298, -3.73834896, 0),
	Vector3.new(16.240551, -3.90563774, 0),
	Vector3.new(16.6974716, -4.01605988, 0),
	Vector3.new(17.4340591, -4.12841702, 0),
	Vector3.new(18.7258339, -4.35150719, 0),
	Vector3.new(20.29879, -4.57593155, 0),
	Vector3.new(21.8041687, -5.0407362, 0),
	Vector3.new(22.9516907, -6.10721397, 0),
	Vector3.new(23.0910339, -7.18968582, 0),
	Vector3.new(23.1166611, -8.56966209, 0),
	Vector3.new(22.5982056, -9.54323387, 0),
	Vector3.new(21.7826996, -9.53563118, 0),
	Vector3.new(21.6785355, -8.94680786, 0),
	Vector3.new(21.9755096, -8.71867752, 0),
	Vector3.new(22.2549667, -8.62813377, 0),
	Vector3.new(23.004425, -8.67478657, 0),
	Vector3.new(22.113102, -8.67049313, 0),
	Vector3.new(22.0601501, -8.19397831, 0),
	Vector3.new(22.2190704, -7.71438885, 0),
	Vector3.new(22.7373962, -7.65677166, 0),
	Vector3.new(22.1378174, -7.65668583, 0),
	Vector3.new(21.9222565, -7.31015682, 0),
	Vector3.new(21.8202972, -6.63793278, 0),
	Vector3.new(21.7898941, -6.46174049, 0),
	Vector3.new(22.8525085, -6.56392956, 0),
	Vector3.new(21.7335815, -6.45402622, 0),
	Vector3.new(21.3202591, -6.01766491, 0),
	Vector3.new(21.9467049, -5.27262783, 0),
	Vector3.new(21.3754768, -6.02495193, 0),
	Vector3.new(21.1756287, -6.04036903, 0),
	Vector3.new(20.5752373, -5.96080303, 0),
	Vector3.new(20.1655502, -5.76952362, 0),
	Vector3.new(20.3138771, -5.49279594, 0),
	Vector3.new(20.6265488, -5.07561111, 0),
	Vector3.new(20.612812, -4.81240845, 0),
	Vector3.new(20.6458893, -5.07691097, 0),
	Vector3.new(20.154541, -5.74861717, 0),
	Vector3.new(19.8409538, -5.84885311, 0),
	Vector3.new(19.3163452, -5.96570396, 0),
	Vector3.new(19.0975418, -5.88335228, 0),
	Vector3.new(19.0099373, -5.88007641, 0),
	Vector3.new(18.6645966, -5.79162216, 0),
	Vector3.new(18.3459549, -5.60533142, 0),
	Vector3.new(18.5126953, -5.31347942, 0),
	Vector3.new(18.8168182, -4.93328476, 0),
	Vector3.new(18.8530922, -4.5352602, 0),
	Vector3.new(18.8382683, -4.9140358, 0),
	Vector3.new(18.3229523, -5.58265305, 0),
	Vector3.new(18.0466003, -5.62451744, 0),
	Vector3.new(17.4884682, -5.81195831, 0),
	Vector3.new(16.9976196, -5.77067184, 0),
	Vector3.new(16.3677673, -5.56158543, 0),
	Vector3.new(16.1017303, -5.34172153, 0),
	Vector3.new(16.4341812, -5.0408659, 0),
	Vector3.new(16.7714691, -4.62923813, 0),
	Vector3.new(16.9030876, -4.21560383, 0),
	Vector3.new(16.7969093, -4.59818935, 0),
	Vector3.new(16.1140022, -5.36538029, 0),
	Vector3.new(15.6734543, -5.43714714, 0),
	Vector3.new(15.0265274, -5.47862434, 0),
	Vector3.new(14.4756889, -5.19976044, 0),
	Vector3.new(14.0651474, -4.83896828, 0),
	Vector3.new(14.3325424, -4.75984955, 0),
	Vector3.new(14.7715149, -4.56514359, 0),
	Vector3.new(15.2482834, -4.16424084, 0),
	Vector3.new(15.4055557, -3.70697403, 0),
	Vector3.new(15.2072525, -4.17219067, 0),
	Vector3.new(14.8888512, -4.46881104, 0),
	Vector3.new(14.1251869, -4.8185997, 0),
	Vector3.new(13.5880318, -4.67558193, 0),
	Vector3.new(12.9617233, -4.49898911, 0),
	Vector3.new(12.5762386, -4.27397823, 0),
	Vector3.new(11.820919, -4.23053741, 0),
	Vector3.new(11.212307, -4.26260376, 0),
	Vector3.new(10.8598938, -3.94030285, 0),
	Vector3.new(11.1529236, -4.1940279, 0),
	Vector3.new(11.9424324, -4.17668152, 0),
	Vector3.new(12.6233368, -4.27747345, 0),
	Vector3.new(12.8664131, -4.5171299, 0),
	Vector3.new(12.3930111, -4.79937935, 0),
	Vector3.new(12.1420479, -5.01440811, 0),
	Vector3.new(11.7860222, -5.22926617, 0),
	Vector3.new(11.5975952, -5.5365696, 0),
	Vector3.new(11.5512619, -5.92162228, 0),
	Vector3.new(11.6644688, -6.41033649, 0),
	Vector3.new(11.993187, -6.6590538, 0),
	Vector3.new(12.2648964, -6.78321648, 0),
	Vector3.new(12.7475624, -6.89336205, 0),
	Vector3.new(13.4202175, -7.05404663, 0),
	Vector3.new(13.8468037, -7.15843391, 0),
	Vector3.new(14.3574028, -7.22124577, 0),
	Vector3.new(15.0929108, -7.42081261, 0),
	Vector3.new(15.6439285, -7.76853752, 0),
	Vector3.new(15.8249054, -8.13383675, 0),
	Vector3.new(15.7710304, -8.4452343, 0),
	Vector3.new(15.4999542, -8.49582672, 0),
	Vector3.new(14.2052765, -8.14658451, 0),
	Vector3.new(13.7983627, -8.0106039, 0),
	Vector3.new(13.498003, -8.42986298, 0),
	Vector3.new(12.7366104, -9.11374092, 0),
	Vector3.new(12.1095676, -9.59052658, 0),
	Vector3.new(11.2332535, -10.0927267, 0),
	Vector3.new(10.3215122, -10.3387947, 0),
	Vector3.new(8.72240829, -10.7539415, 0),
	Vector3.new(8.70093918, -10.8887186, 0),
	Vector3.new(9.56498718, -10.9867992, 0),
	Vector3.new(9.89805412, -11.1654854, 0),
	Vector3.new(10.280056, -11.2390718, 0),
	Vector3.new(10.8731613, -11.3999863, 0),
	Vector3.new(11.3933239, -11.7561941, 0),
	Vector3.new(11.3075733, -12.0251398, 0),
	Vector3.new(10.7502022, -11.786746, 0),
	Vector3.new(9.97868538, -11.8811274, 0),
	Vector3.new(9.98455048, -11.254344, 0),
	Vector3.new(10.0014114, -11.7126055, 0),
	Vector3.new(9.78219604, -12.0055265, 0),
	Vector3.new(9.21986198, -11.8218117, 0),
	Vector3.new(8.3555336, -11.4619417, 0),
	Vector3.new(7.76296616, -11.2675076, 0),
	Vector3.new(6.96987724, -11.4702673, 0),
	Vector3.new(6.21854782, -11.3735886, 0),
	Vector3.new(5.08472443, -11.4425383, 0),
	Vector3.new(4.58422661, -11.5603848, 0),
	Vector3.new(3.97097206, -11.5273314, 0),
	Vector3.new(3.57309341, -11.5947905, 0),
	Vector3.new(2.94821167, -11.8545084, 0),
	Vector3.new(2.66753006, -11.8699551, 0),
	Vector3.new(2.52250481, -11.8283691, 0),
	Vector3.new(2.08823395, -11.8121405, 0),
	Vector3.new(1.62275314, -12.0826845, 0),
	Vector3.new(1.32243156, -11.7030153, 0),
	Vector3.new(1.676157, -11.4214039, 0),
	Vector3.new(1.93373871, -11.2086525, 0),
	Vector3.new(2.28805923, -11.2601233, 0),
	Vector3.new(2.7313652, -11.536376, 0),
	Vector3.new(2.88348961, -11.7403193, 0),
	Vector3.new(2.73685837, -11.6220646, 0),
	Vector3.new(2.28449249, -11.2022438, 0),
	Vector3.new(1.87199593, -11.1705341, 0),
	Vector3.new(1.53446579, -11.0768671, 0),
	Vector3.new(1.30593872, -10.8499632, 0),
	Vector3.new(0.830120087, -10.821372, 0),
	Vector3.new(0.242305756, -10.9164953, 0),
	Vector3.new(0.199855804, -10.7400093, 0),
	Vector3.new(0.638950348, -10.2618999, 0),
	Vector3.new(1.11621857, -10.240798, 0),
	Vector3.new(1.69109726, -10.1256418, 0),
	Vector3.new(1.47732735, -10.611949, 0),
	Vector3.new(1.3330307, -10.7801504, 0),
	Vector3.new(1.69109726, -10.1256418, 0),
	Vector3.new(2.22248077, -10.1957083, 0),
	Vector3.new(2.92898941, -10.3409615, 0),
	Vector3.new(3.40986633, -10.3763037, 0),
	Vector3.new(4.05165863, -10.4837027, 0),
	Vector3.new(4.39324379, -10.4963408, 0),
	Vector3.new(4.10631561, -10.2198696, 0),
	Vector3.new(3.71707916, -9.99672985, 0),
	Vector3.new(3.00531197, -9.86385822, 0),
	Vector3.new(2.55218315, -9.60509205, 0),
	Vector3.new(2.44096375, -9.60926151, 0),
	Vector3.new(2.48515129, -9.42515945, 0),
	Vector3.new(2.36819839, -9.3442421, 0),
	Vector3.new(1.74131966, -9.46188354, 0),
	Vector3.new(1.38027954, -9.44360542, 0),
	Vector3.new(0.981168747, -9.4925375, 0),
	Vector3.new(1.2954216, -9.02136803, 0),
	Vector3.new(1.85171509, -8.85037231, 0),
	Vector3.new(2.55489159, -8.78387737, 0),
	Vector3.new(2.50358391, -9.2777729, 0),
	Vector3.new(2.61061096, -8.79747009, 0),
	Vector3.new(3.04409027, -8.8499012, 0),
	Vector3.new(3.96951294, -9.34781837, 0),
	Vector3.new(4.33121872, -9.66191006, 0),
	Vector3.new(4.88329315, -9.87353611, 0),
	Vector3.new(5.29286575, -9.96423721, 0),
	Vector3.new(5.74770546, -10.0049276, 0),
	Vector3.new(6.28060722, -9.76259899, 0),
	Vector3.new(6.66194344, -9.64922047, 0),
	Vector3.new(7.26139069, -9.68887043, 0),
	Vector3.new(7.55783653, -9.62352943, 0),
	Vector3.new(8.07935333, -9.88343334, 0),
	Vector3.new(8.52260399, -10.0483742, 0),
	Vector3.new(8.95339012, -9.86002827, 0),
	Vector3.new(9.10385513, -9.66472054, 0),
	Vector3.new(9.04394913, -9.46321774, 0),
	Vector3.new(8.89427376, -9.31256866, 0),
	Vector3.new(8.6087532, -9.17448425, 0),
	Vector3.new(8.27154922, -9.17067909, 0),
	Vector3.new(7.71055222, -9.53276062, 0),
	Vector3.new(8.27154922, -9.17067909, 0),
	Vector3.new(8.61761093, -9.07365417, 0),
	Vector3.new(8.79442024, -8.56412315, 0),
	Vector3.new(9.29911804, -8.57439518, 0),
	Vector3.new(9.95973587, -8.60513878, 0),
	Vector3.new(10.3990135, -8.73278809, 0),
	Vector3.new(10.7862797, -8.68815994, 0),
	Vector3.new(11.0021973, -8.75804138, 0),
	Vector3.new(10.5725403, -9.06765461, 0),
	Vector3.new(10.1530018, -9.21956635, 0),
	Vector3.new(9.61681175, -9.45618629, 0),
	Vector3.new(9.22341537, -9.55428696, 0),
	Vector3.new(9.67165756, -9.46294689, 0),
	Vector3.new(9.98595428, -9.27098846, 0),
	Vector3.new(10.1171417, -9.20733452, 0),
	Vector3.new(10.4605503, -9.1020031, 0),
	Vector3.new(10.8797302, -8.79452324, 0),
	Vector3.new(11.2454567, -8.70748901, 0),
	Vector3.new(11.8372765, -8.21305561, 0),
	Vector3.new(11.86059, -7.74679375, 0),
	Vector3.new(11.410965, -7.6514473, 0),
	Vector3.new(10.9579163, -7.54862404, 0),
	Vector3.new(10.8984871, -7.69205284, 0),
	Vector3.new(10.4657841, -8.19676971, 0),
	Vector3.new(10.0150547, -8.63582993, 0),
	Vector3.new(10.8205624, -7.81960392, 0),
	Vector3.new(10.9649563, -7.48268318, 0),
	Vector3.new(10.2673931, -7.51340866, 0),
	Vector3.new(9.82190132, -7.43509388, 0),
	Vector3.new(9.45846939, -7.4464798, 0),
	Vector3.new(8.64826584, -6.91941261, 0),
	Vector3.new(8.34462547, -6.55418968, 0),
	Vector3.new(8.24370956, -5.924016, 0),
	Vector3.new(8.55156708, -4.87978363, 0),
	Vector3.new(8.64372063, -4.44314957, 0),
	Vector3.new(8.35950851, -4.22704506, 0),
	Vector3.new(9.20767593, -4.40015507, 0),
	Vector3.new(10.2050495, -4.09149742, 0),
	Vector3.new(10.659399, -4.01197529, 0),
	Vector3.new(10.4241123, -3.38531017, 0),
	Vector3.new(11.6384773, -2.85766792, 0),
	Vector3.new(12.2716179, -2.46654797, 0),
	Vector3.new(13.510273, -2.09548378, 0),
	Vector3.new(15.0167847, -1.84899139, 0),
	Vector3.new(13.6806984, -1.10721588, 0),
	Vector3.new(12.4850788, -0.431589127, 0),
	Vector3.new(11.3149109, 0.213388443, 0),
	Vector3.new(9.38451385, 0.985963821, 0),
	Vector3.new(7.23059082, 1.69636154, 0),
	Vector3.new(9.38287163, 1.7886219, 0),
	Vector3.new(10.7374725, 1.79252815, 0),
	Vector3.new(13.3583946, 1.51970291, 0),
	Vector3.new(16.1152039, 1.22597122, 0),
	Vector3.new(18.7443085, 0.912605286, 0),
	Vector3.new(19.0339088, 0.916934967, 0),
	Vector3.new(17.3711739, 1.43068695, 0),
	Vector3.new(14.5526428, 2.0390358, 0),
	Vector3.new(10.7351341, 2.4889164, 0),
	Vector3.new(7.49874687, 2.50679016, 0),
	Vector3.new(10.1923981, 3.14291573, 0),
	Vector3.new(12.5547905, 3.65829468, 0),
	Vector3.new(15.6072998, 4.19130325, 0),
	Vector3.new(18.2221375, 4.65076828, 0),
	Vector3.new(22.3791885, 5.39606857, 0),
	Vector3.new(20.0971909, 5.30151749, 0),
	Vector3.new(17.262455, 5.07513809, 0),
	Vector3.new(14.2028046, 4.64173508, 0),
	Vector3.new(11.3117104, 4.07609749, 0),
	Vector3.new(8.34689331, 3.62006378, 0),
	Vector3.new(10.7236786, 4.56136703, 0),
	Vector3.new(12.9852295, 5.28310776, 0),
	Vector3.new(15.2988892, 6.12339783, 0),
	Vector3.new(19.4625931, 7.7504425, 0),
	Vector3.new(17.4297485, 7.30695343, 0),
	Vector3.new(16.5623703, 7.09449577, 0),
	Vector3.new(14.6541901, 6.6206913, 0),
	Vector3.new(7.30261993, 4.25775528, 0),
	Vector3.new(6.68891525, 4.1082859, 0),
	Vector3.new(6.0160923, 2.9005928, 0),
	Vector3.new(5.46338654, 2.08355331, 0),
	Vector3.new(4.98807335, 1.19949341, 0),
	Vector3.new(4.46611595, 0.834688187, 0),
	Vector3.new(3.73815155, 0.642599106, 0),
	Vector3.new(2.80783272, 0.3971138, 0),
	Vector3.new(0.117834091, 0.0138950348, 0),
	Vector3.new(3.96260643, 0.782518387, 0),
	Vector3.new(4.25835609, 1.2375679, 0),
	Vector3.new(4.37454987, 3.04720497, 0),
	Vector3.new(4.49374771, 3.99073792, 0),
	Vector3.new(5.94500351, 4.95443344, 0),
	Vector3.new(11.0574226, 7.80788422, 0),
	Vector3.new(16.075634, 9.80522346, 0),
	Vector3.new(11.9465218, 7.61536407, 0),
	Vector3.new(10.0073223, 6.51377487, 0),
	Vector3.new(8.16714859, 5.22724342, 0),
	Vector3.new(7.06811714, 4.29836464, 0),
	Vector3.new(9.33847427, 5.93689728, 0),
	Vector3.new(11.5973778, 7.3727417, 0),
	Vector3.new(15.9520683, 9.68864059, 0),
	Vector3.new(15.4356499, 8.82977295, 0),
	Vector3.new(15.5171776, 8.23960876, 0),
	Vector3.new(15.8604279, 7.76425362, 0),
	Vector3.new(16.4266396, 7.36614227, 0),
	Vector3.new(17.0151367, 7.32978249, 0),
	Vector3.new(17.3308258, 7.33195877, 0),
	Vector3.new(24.5769577, 9.3840332, 0),
	Vector3.new(23.4996567, 8.74281883, 0),
	Vector3.new(22.1306992, 7.81109619, 0),
	Vector3.new(21.2146606, 7.11399841, 0),
	Vector3.new(21.049469, 6.5786438, 0),
	Vector3.new(21.2319336, 6.20637131, 0),
	Vector3.new(21.9520836, 5.6233654, 0),
	Vector3.new(22.5323639, 5.45697784, 0),
	Vector3.new(21.1865158, 5.02663422, 0),
	Vector3.new(20.3478775, 4.59587669, 0),
	Vector3.new(19.2611237, 3.77115059, 0),
	Vector3.new(18.604496, 3.24465561, 0),
	Vector3.new(18.3441658, 2.44680595, 0),
	Vector3.new(18.3911324, 1.90825844, 0),
	Vector3.new(19.0445557, 1.04311371, 0),
	Vector3.new(18.5388412, 0.767827988, 0),
	Vector3.new(17.1484299, 0.67805481, 0),
	Vector3.new(16.3975677, 0.402299881, 0),
	Vector3.new(15.8910561, 0.0318775177, 0),
	Vector3.new(15.0632935, -0.716070175, 0),
	Vector3.new(14.7253113, -1.71528816, 0),
	Vector3.new(15.0557175, -0.574577332, 0),
	Vector3.new(15.6319427, -0.482408524, 0),
	Vector3.new(17.4784813, -0.488599777, 0),
	Vector3.new(19.1426201, -0.541460991, 0),
	Vector3.new(19.6415749, -0.637914658, 0),
	Vector3.new(20.8022079, -0.927719116, 0),
	Vector3.new(21.6912231, -0.931195259, 0),
	Vector3.new(22.500946, -1.07810116, 0),
	Vector3.new(24.1351318, -1.0367403, 0),
	Vector3.new(25.2460098, -0.467023849, 0),
	Vector3.new(25.6128502, 0.0530338287, 0),
	Vector3.new(25.6388245, 0.522499084, 0),
	Vector3.new(25.6227417, 0.94159317, 0),
	Vector3.new(25.4397697, 1.1731987, 0),
	Vector3.new(24.4439697, 1.63343048, 0),
	Vector3.new(23.5996017, 1.77070618, 0),
	Vector3.new(22.8914642, 1.63431358, 0),
	Vector3.new(22.6361084, 1.36013985, 0),
	Vector3.new(22.6285629, 1.03829575, 0),
	Vector3.new(23.0971527, 0.806427002, 0),
	Vector3.new(23.9151459, 0.897796631, 0),
	Vector3.new(23.781311, 0.805301666, 0),
	Vector3.new(24.9782639, 0.988857269, 0),
	Vector3.new(25.2510605, 1.12724304, 0),
	Vector3.new(25.6645699, 0.987892151, 0),
	Vector3.new(25.5779037, -0.0412693024, 0),
	Vector3.new(24.5885696, -0.0385608673, 0),
	Vector3.new(23.8677139, -0.178178787, 0),
	Vector3.new(22.8693542, -0.080947876, 0),
	Vector3.new(22.0828781, -0.0787467957, 0),
	Vector3.new(21.3532181, 0.298151016, 0),
	Vector3.new(20.8121643, 1.22445679, 0),
	Vector3.new(20.9165039, 1.58991623, 0),
	Vector3.new(21.2019882, 2.04332161, 0),
	Vector3.new(21.9270401, 2.40368843, 0),
	Vector3.new(22.9239731, 2.85171509, 0),
	Vector3.new(23.8634415, 2.98636246, 0),
	Vector3.new(24.6855698, 2.94276428, 0),
	Vector3.new(25.1250458, 2.89862442, 0),
	Vector3.new(26.2292633, 2.63079071, 0),
	Vector3.new(26.6270599, 2.85547256, 0),
	Vector3.new(26.8811264, 3.34618378, 0),
	Vector3.new(27.9468231, 5.13858414, 0),
	Vector3.new(27.0601501, 3.70037079, 0),
	Vector3.new(26.2046585, 3.65451431, 0),
	Vector3.new(24.613945, 3.73914528, 0),
	Vector3.new(25.3757629, 4.35248947, 0),
	Vector3.new(26.0971527, 4.87368393, 0),
	Vector3.new(26.7877731, 5.26240921, 0),
	Vector3.new(27.6947937, 5.98863411, 0),
	Vector3.new(28.7537689, 6.83214188, 0),
	Vector3.new(29.8740158, 7.74646378, 0),
	Vector3.new(29.7366714, 6.83818054, 0),
	Vector3.new(29.6914253, 5.91405487, 0),
	Vector3.new(29.6843185, 5.01625061, 0),
	Vector3.new(29.8340836, 4.27822495, 0),
	Vector3.new(30.1677628, 3.35160446, 0),
	Vector3.new(30.4425812, 2.72415924, 0),
	Vector3.new(30.3818893, 2.54333496, 0),
	Vector3.new(29.6436844, 2.81355667, 0),
	Vector3.new(28.8424149, 3.43832016, 0),
	Vector3.new(28.5673218, 3.61512756, 0),
	Vector3.new(28.8490639, 5.14216042, 0),
	Vector3.new(28.5820541, 3.79184723, 0),
	Vector3.new(28.3041687, 3.21498108, 0),
	Vector3.new(27.8938828, 2.54182434, 0),
	Vector3.new(27.5436859, 1.76916504, 0),
	Vector3.new(26.2292633, 2.63079071, 0),
	Vector3.new(26.9766731, 2.22480392, 0),
	Vector3.new(27.4218407, 1.90633011, 0),
	Vector3.new(27.8788681, 0.984783173, 0),
	Vector3.new(27.8961868, 0.0470619202, 0),
	Vector3.new(27.5800552, -0.426984787, 0),
	Vector3.new(27.1432343, -1.0971241, 0),
	Vector3.new(26.5926247, -1.72553444, 0),
	Vector3.new(25.5940628, -2.11188412, 0),
	Vector3.new(24.2646141, -2.69584465, 0),
	Vector3.new(23.248291, -3.03691292, 0),
	Vector3.new(21.8623619, -3.27672768, 0),
	Vector3.new(20.818119, -3.4192028, 0),
	Vector3.new(20.570961, -3.4674263, 0),
	Vector3.new(19.7811737, -3.11309433, 0),
	Vector3.new(18.8137436, -2.36782932, 0),
	Vector3.new(18.4823189, -1.97616005, 0),
	Vector3.new(17.158329, -1.43871689, 0),
	Vector3.new(18.3710785, -1.83015633, 0),
	Vector3.new(19.1256027, -2.51664352, 0),
	Vector3.new(19.5570755, -2.86398411, 0),
	Vector3.new(20.5761185, -3.51749992, 0),
	Vector3.new(21.7907753, -3.97945976, 0),
	Vector3.new(24.2691193, -4.9710207, 0),
	Vector3.new(26.1789932, -5.9801445, 0),
	Vector3.new(25.8831635, -6.45275688, 0),
	Vector3.new(25.3353958, -6.28781319, 0),
	Vector3.new(24.5450783, -5.85812187, 0),
	Vector3.new(24.1147003, -5.74896049, 0),
	Vector3.new(24.3864899, -6.22472858, 0),
	Vector3.new(24.2252655, -7.77417946, 0),
	Vector3.new(23.8564148, -9.02967644, 0),
	Vector3.new(23.714592, -10.033186, 0),
	Vector3.new(23.4728088, -10.2551451, 0),
	Vector3.new(23.8536377, -10.7156124, 0),
	Vector3.new(24.3716354, -10.952877, 0),
	Vector3.new(25.2589226, -11.0826721, 0),
	Vector3.new(26.1618958, -11.676096, 0),
	Vector3.new(26.275856, -12.086174, 0),
	Vector3.new(25.1421318, -11.832222, 0),
	Vector3.new(25.1107712, -11.1951437, 0),
	Vector3.new(25.1499939, -11.8905725, 0),
	Vector3.new(24.7655487, -11.8836145, 0),
	Vector3.new(24.3192062, -11.8173866, 0),
	Vector3.new(23.3400726, -11.3948259, 0),
	Vector3.new(22.6979713, -11.5086622, 0),
	Vector3.new(22.11586, -11.5679502, 0),
	Vector3.new(21.6124954, -11.7677994, 0),
	Vector3.new(20.8873863, -11.6852722, 0),
	Vector3.new(20.4557533, -11.5736227, 0),
	Vector3.new(19.7578278, -11.3202868, 0),
	Vector3.new(18.2121124, -11.985034, 0),
	Vector3.new(17.8630981, -12.1533213, 0),
	Vector3.new(17.4419785, -12.1453791, 0),
	Vector3.new(16.6391106, -12.340498, 0),
	Vector3.new(16.2842026, -12.3687801, 0),
	Vector3.new(16.5016479, -11.9534235, 0),
	Vector3.new(16.9757385, -11.6504097, 0),
	Vector3.new(17.3197975, -11.3814859, 0),
	Vector3.new(17.7590523, -11.9766607, 0),
	Vector3.new(17.450222, -11.4523096, 0),
	Vector3.new(18.1746063, -11.1568298, 0),
	Vector3.new(18.6837654, -11.0971556, 0),
	Vector3.new(17.4359741, -11.0425863, 0),
	Vector3.new(16.5138321, -11.0274086, 0),
	Vector3.new(15.9419708, -10.9167013, 0),
	Vector3.new(15.3740616, -10.9748945, 0),
	Vector3.new(15.0587845, -11.1387186, 0),
	Vector3.new(15.2155228, -10.7035131, 0),
	Vector3.new(16.0927315, -10.45014, 0),
	Vector3.new(16.0927315, -10.45014, 0),
	Vector3.new(16.0990143, -10.851861, 0),
	Vector3.new(16.0932541, -10.4834394, 0),
	Vector3.new(16.4324226, -10.1568975, 0),
	Vector3.new(16.8714409, -10.163291, 0),
	Vector3.new(17.5315552, -10.1729021, 0),
	Vector3.new(19.3005104, -10.7005701, 0),
	Vector3.new(16.958149, -9.90114307, 0),
	Vector3.new(16.8287125, -9.73576641, 0),
	Vector3.new(15.7070007, -9.55808544, 0),
	Vector3.new(15.5527534, -9.62088108, 0),
	Vector3.new(15.7961807, -9.23672009, 0),
	Vector3.new(16.0733032, -9.2080965, 0),
	Vector3.new(16.7188721, -9.08785915, 0),
	Vector3.new(16.9442749, -9.41244793, 0),
	Vector3.new(16.858139, -9.6709547, 0),
	Vector3.new(16.8098335, -9.02498531, 0),
	Vector3.new(17.2700539, -8.9346962, 0),
	Vector3.new(18.0992126, -9.49226761, 0),
	Vector3.new(18.9449081, -10.0609531, 0),
	Vector3.new(19.7821121, -10.2722464, 0),
	Vector3.new(20.5708733, -10.1838598, 0),
	Vector3.new(21.0581207, -9.92541027, 0),
	Vector3.new(21.5301399, -9.53708363, 0),
	Vector3.new(21.7108269, -9.44138145, 0)
}
