return {
    Vector3.new(0, 0, 0),
    Vector3.new(1.615047454834, 0.32421779632568, 0),
    Vector3.new(2.5645999908447, 0.84834003448486, 0),
    Vector3.new(2.8964614868164, 4.0904030799866, 0),
    Vector3.new(3.6382160186768, 4.0374550819397, 0),
    Vector3.new(4.8238410949707, 4.1026892662048, 0),
    Vector3.new(5.9294338226318, 4.6143341064453, 0),
    Vector3.new(6.3973083496094, 5.3935890197754, 0),
    Vector3.new(6.5818138122559, 7.9033889770508, 0),
    Vector3.new(6.4184074401855, 11.296068191528, 0),
    Vector3.new(5.9649848937988, 12.878400802612, 0),
    Vector3.new(5.2550830841064, 13.415260314941, 0),
    Vector3.new(3.4904670715332, 13.706146240234, 0),
    Vector3.new(2.7808818817139, 13.677713394165, 0),
    Vector3.new(3.0474586486816, 9.9637823104858, 0),
    Vector3.new(2.9202690124512, 4.1290769577026, 0),
    Vector3.new(3.0499439239502, 10.147071838379, 0),
    Vector3.new(2.7811813354492, 13.705827713013, 0),
    Vector3.new(2.3708877563477, 15.805931091309, 0),
    Vector3.new(1.7789764404297, 17.095891952515, 0),
    Vector3.new(0.66234016418457, 18.292688369751, 0),
    Vector3.new(-0.57970809936523, 18.803771972656, 0),
    Vector3.new(-2.4607601165771, 18.893236160278, 0),
    Vector3.new(-4.7175579071045, 18.780424118042, 0),
    Vector3.new(-6.2810077667236, 18.321615219116, 0),
    Vector3.new(-7.5738697052002, 17.629987716675, 0),
    Vector3.new(-8.6011095046997, 16.513643264771, 0),
    Vector3.new(-8.9601535797119, 15.942785263062, 0),
    Vector3.new(-7.4318170547485, 16.21071434021, 0),
    Vector3.new(-5.0494632720947, 16.176380157471, 0),
    Vector3.new(-2.8274688720703, 15.856866836548, 0),
    Vector3.new(-1.8987693786621, 15.448912620544, 0),
    Vector3.new(-1.3681983947754, 14.637392044067, 0),
    Vector3.new(-1.3567790985107, 13.415249824524, 0),
    Vector3.new(-1.5659618377686, 12.465978622437, 0),
    Vector3.new(-2.1678199768066, 11.662589073181, 0),
    Vector3.new(-3.1750068664551, 11.05239200592, 0),
    Vector3.new(-4.5342884063721, 10.715878486633, 0),
    Vector3.new(-5.8537454605103, 10.716938018799, 0),
    Vector3.new(-7.8258571624756, 10.95444393158, 0),
    Vector3.new(-9.6310405731201, 11.395313262939, 0),
    Vector3.new(-10.775606155396, 12.110219955444, 0),
    Vector3.new(-11.131145477295, 12.761191368103, 0),
    Vector3.new(-11.149006843567, 13.850141525269, 0),
    Vector3.new(-10.692514419556, 14.811230659485, 0),
    Vector3.new(-9.9642515182495, 15.463557243347, 0),
    Vector3.new(-9.0005035400391, 15.90721321106, 0),
    Vector3.new(-9.9115734100342, 15.463577270508, 0),
    Vector3.new(-10.692514419556, 14.811230659485, 0),
    Vector3.new(-11.166407585144, 13.850142478943, 0),
    Vector3.new(-11.131145477295, 12.761191368103, 0),
    Vector3.new(-10.793100357056, 12.127298355103, 0),
    Vector3.new(-10.115854263306, 11.718083381653, 0),
    Vector3.new(-10.102073669434, 10.850959777832, 0),
    Vector3.new(-10.199962615967, 9.7328577041626, 0),
    Vector3.new(-10.275239944458, 7.9438858032227, 0),
    Vector3.new(-10.115756034851, 6.1178460121155, 0),
    Vector3.new(-9.798360824585, 4.5487532615662, 0),
    Vector3.new(-9.4232215881348, 3.2104578018188, 0),
    Vector3.new(-9.3461856842041, 2.0530190467834, 0),
    Vector3.new(-9.2279434204102, 1.4941062927246, 0),
    Vector3.new(-8.9383926391602, 1.151629447937, 0),
    Vector3.new(-8.3978052139282, 0.96826362609863, 0),
    Vector3.new(-5.8711624145508, 0.9860897064209, 0),
    Vector3.new(-5.4571075439453, 1.1197729110718, 0),
    Vector3.new(-5.0869216918945, 1.612663269043, 0),
    Vector3.new(-4.8465633392334, 2.4002351760864, 0),
    Vector3.new(-5.0160236358643, 3.4708604812622, 0),
    Vector3.new(-5.2859649658203, 3.867835521698, 0),
    Vector3.new(-2.6808929443359, 3.886917591095, 0),
    Vector3.new(-2.7250347137451, 2.7096633911133, 0),
    Vector3.new(-2.704273223877, 1.7709498405457, 0),
    Vector3.new(-2.4871788024902, 1.1724834442139, 0),
    Vector3.new(-2.0147953033447, 0.65397357940674, 0),
    Vector3.new(-1.2010383605957, 0.21142196655273, 0),
    Vector3.new(-0.14487075805664, 0.0087614059448242, 0)
}
