return {
	Vector3.new(0, 0, 0),
	Vector3.new(0.63487243652344, 0.0062618255615234, 0),
	Vector3.new(1.3957977294922, 0.13225364685059, 0),
	Vector3.new(2.1147212982178, 0.40050411224365, 0),
	Vector3.new(2.8291263580322, 0.73130226135254, 0),
	Vector3.new(3.3953723907471, 1.1345310211182, 0),
	Vector3.new(3.9521389007568, 1.7000036239624, 0),
	Vector3.new(4.3756313323975, 2.3349895477295, 0),
	Vector3.new(4.6763877868652, 3.075065612793, 0),
	Vector3.new(4.8727474212646, 3.8306350708008, 0),
	Vector3.new(4.9012870788574, 4.517578125, 0),
	Vector3.new(4.8030338287354, 5.3606309890747, 0),
	Vector3.new(4.6162815093994, 6.1696338653564, 0),
	Vector3.new(4.2382526397705, 6.9256210327148, 0),
	Vector3.new(3.7293148040771, 7.5812759399414, 0),
	Vector3.new(3.1204071044922, 8.2051868438721, 0),
	Vector3.new(2.6159019470215, 8.5707569122314, 0),
	Vector3.new(1.813346862793, 8.9978942871094, 0),
	Vector3.new(1.0325984954834, 9.2362957000732, 0),
	Vector3.new(0.090980529785156, 9.2813205718994, 0),
	Vector3.new(-0.81792068481445, 9.2362632751465, 0),
	Vector3.new(-1.57932472229, 9.0096702575684, 0),
	Vector3.new(-2.4397258758545, 8.6162414550781, 0),
	Vector3.new(-3.0757942199707, 8.1335926055908, 0),
	Vector3.new(-3.5673294067383, 7.6075630187988, 0),
	Vector3.new(-4.0619316101074, 6.8689079284668, 0),
	Vector3.new(-4.481632232666, 6.0072040557861, 0),
	Vector3.new(-4.6605205535889, 5.208701133728, 0),
	Vector3.new(-4.6902198791504, 4.3116769790649, 0),
	Vector3.new(-4.5864448547363, 3.5002918243408, 0),
	Vector3.new(-4.2749500274658, 2.6346530914307, 0),
	Vector3.new(-3.8221473693848, 1.8776473999023, 0),
	Vector3.new(-3.2452526092529, 1.1785154342651, 0),
	Vector3.new(-2.610445022583, 0.67885112762451, 0),
	Vector3.new(-1.8517723083496, 0.31669807434082, 0),
	Vector3.new(-1.1436882019043, 0.06572151184082, 0),
	Vector3.new(-0.050352096557617, -4.3869018554688e-05, 0),
	Vector3.new(2.0308361053467, 0.45937728881836, 0),
	Vector3.new(2.8934650421143, 0.93037033081055, 0),
	Vector3.new(0.00020790100097656, 0.067346572875977, 0),
	Vector3.new(2.7074680328369, 0.88701629638672, 0),
	Vector3.new(1.6374187469482, 0.64371299743652, 0),
	Vector3.new(1.0440769195557, 0.8083667755127, 0),
	Vector3.new(0.76637268066406, 1.1469535827637, 0),
	Vector3.new(0.89203834533691, 1.6683702468872, 0),
	Vector3.new(1.2888259887695, 1.9039373397827, 0),
	Vector3.new(2.1380882263184, 2.1246433258057, 0),
	Vector3.new(2.1689891815186, 1.8303680419922, 0),
	Vector3.new(2.3551750183105, 1.5906095504761, 0),
	Vector3.new(2.258113861084, 1.9088134765625, 0),
	Vector3.new(2.3990364074707, 2.3718614578247, 0),
	Vector3.new(2.6379508972168, 2.5390281677246, 0),
	Vector3.new(2.8139114379883, 2.4665002822876, 0),
	Vector3.new(2.9479713439941, 2.1012535095215, 0),
	Vector3.new(3.0553951263428, 1.9220724105835, 0),
	Vector3.new(3.2616958618164, 1.8510055541992, 0),
	Vector3.new(3.5519523620605, 1.9723491668701, 0),
	Vector3.new(3.1560039520264, 1.9130935668945, 0),
	Vector3.new(3.0553092956543, 2.1235246658325, 0),
	Vector3.new(3.0458965301514, 2.521505355835, 0),
	Vector3.new(3.1284122467041, 2.973427772522, 0),
	Vector3.new(3.4097137451172, 3.4631986618042, 0),
	Vector3.new(3.7122955322266, 4.1808023452759, 0),
	Vector3.new(3.9132919311523, 3.9919776916504, 0),
	Vector3.new(4.186092376709, 3.9098844528198, 0),
	Vector3.new(4.3984661102295, 3.9473505020142, 0),
	Vector3.new(4.1822280883789, 4.0489406585693, 0),
	Vector3.new(4.0024814605713, 4.3521251678467, 0),
	Vector3.new(3.9664402008057, 4.9595012664795, 0),
	Vector3.new(3.9560508728027, 5.7683181762695, 0),
	Vector3.new(3.8586769104004, 6.2033214569092, 0),
	Vector3.new(3.5802955627441, 6.6016597747803, 0),
	Vector3.new(3.7376823425293, 6.8645515441895, 0),
	Vector3.new(3.7696189880371, 7.0735397338867, 0),
	Vector3.new(3.597188949585, 6.8701133728027, 0),
	Vector3.new(3.3958988189697, 6.9152317047119, 0),
	Vector3.new(3.2610683441162, 7.2375373840332, 0),
	Vector3.new(3.0082015991211, 7.5466175079346, 0),
	Vector3.new(2.5530948638916, 7.835277557373, 0),
	Vector3.new(1.6718368530273, 7.9157314300537, 0),
	Vector3.new(2.0695705413818, 8.1749935150146, 0),
	Vector3.new(2.3227500915527, 8.3095245361328, 0),
	Vector3.new(2.3614177703857, 8.4825706481934, 0),
	Vector3.new(1.9829692840576, 8.6761589050293, 0),
	Vector3.new(1.7155342102051, 8.6263122558594, 0),
	Vector3.new(1.6550807952881, 8.5461387634277, 0),
	Vector3.new(1.9590606689453, 8.6528968811035, 0),
	Vector3.new(2.2061538696289, 8.4428291320801, 0),
	Vector3.new(2.0067939758301, 8.2649917602539, 0),
	Vector3.new(1.5758991241455, 8.1490898132324, 0),
	Vector3.new(1.0952568054199, 8.1576271057129, 0),
	Vector3.new(1.1581020355225, 8.3512001037598, 0),
	Vector3.new(1.4099082946777, 8.5652236938477, 0),
	Vector3.new(1.452507019043, 8.7937202453613, 0),
	Vector3.new(1.3442649841309, 8.9496574401855, 0),
	Vector3.new(1.0372142791748, 9.1216144561768, 0),
	Vector3.new(0.70809555053711, 9.0752182006836, 0),
	Vector3.new(0.56076622009277, 8.8474197387695, 0),
	Vector3.new(0.7301082611084, 9.0427207946777, 0),
	Vector3.new(1.1018905639648, 9.0558967590332, 0),
	Vector3.new(1.2627029418945, 8.852108001709, 0),
	Vector3.new(1.3377628326416, 8.614221572876, 0),
	Vector3.new(1.0140705108643, 8.3436679840088, 0),
	Vector3.new(0.78142356872559, 8.2811050415039, 0),
	Vector3.new(0.6117000579834, 8.1614837646484, 0),
	Vector3.new(0.38276290893555, 8.1703433990479, 0),
	Vector3.new(0.16500473022461, 8.4261016845703, 0),
	Vector3.new(0.32514381408691, 8.1940174102783, 0),
	Vector3.new(0.0076179504394531, 8.1740055084229, 0),
	Vector3.new(-0.56538772583008, 8.1181735992432, 0),
	Vector3.new(-0.77707481384277, 8.0556793212891, 0),
	Vector3.new(-0.81368064880371, 7.8951969146729, 0),
	Vector3.new(-0.86503219604492, 7.7616882324219, 0),
	Vector3.new(-1.1528148651123, 7.7346820831299, 0),
	Vector3.new(-1.4008979797363, 7.6688022613525, 0),
	Vector3.new(-1.6057167053223, 7.4442043304443, 0),
	Vector3.new(-1.7169742584229, 7.3049278259277, 0),
	Vector3.new(-1.5046691894531, 7.2988052368164, 0),
	Vector3.new(-1.3689079284668, 7.1767597198486, 0),
	Vector3.new(-1.3641090393066, 6.9875869750977, 0),
	Vector3.new(-1.4863681793213, 6.8178176879883, 0),
	Vector3.new(-1.7349319458008, 6.6270771026611, 0),
	Vector3.new(-1.9682579040527, 6.5144519805908, 0),
	Vector3.new(-2.1853694915771, 6.5236930847168, 0),
	Vector3.new(-2.6302585601807, 6.2884387969971, 0),
	Vector3.new(-2.872350692749, 6.3062477111816, 0),
	Vector3.new(-3.0651760101318, 6.3468284606934, 0),
	Vector3.new(-3.2000370025635, 6.2081394195557, 0),
	Vector3.new(-3.2972145080566, 6.0921859741211, 0),
	Vector3.new(-3.1210632324219, 6.0385246276855, 0),
	Vector3.new(-3.1068305969238, 5.8933486938477, 0),
	Vector3.new(-3.2170524597168, 5.852653503418, 0),
	Vector3.new(-3.1222324371338, 5.7256889343262, 0),
	Vector3.new(-3.1510753631592, 5.5663280487061, 0),
	Vector3.new(-3.0441341400146, 5.4816122055054, 0),
	Vector3.new(-3.0911026000977, 5.3295640945435, 0),
	Vector3.new(-3.0403957366943, 5.2402448654175, 0),
	Vector3.new(-3.0127296447754, 5.3958034515381, 0),
	Vector3.new(-2.8513069152832, 5.5277700424194, 0),
	Vector3.new(-2.5661849975586, 5.4840984344482, 0),
	Vector3.new(-2.999906539917, 5.6640110015869, 0),
	Vector3.new(-3.0378532409668, 6.1969833374023, 0),
	Vector3.new(-2.8287830352783, 6.2092952728271, 0),
	Vector3.new(-2.8179168701172, 5.7169208526611, 0),
	Vector3.new(-2.6218242645264, 5.644063949585, 0),
	Vector3.new(-2.6360836029053, 6.1970462799072, 0),
	Vector3.new(-2.4885730743408, 6.2583293914795, 0),
	Vector3.new(-2.2031478881836, 6.4384326934814, 0),
	Vector3.new(-1.9609603881836, 6.3863925933838, 0),
	Vector3.new(-1.8293838500977, 6.305492401123, 0),
	Vector3.new(-1.8708419799805, 5.954008102417, 0),
	Vector3.new(-2.2317276000977, 6.0272827148438, 0),
	Vector3.new(-2.5054569244385, 6.0571842193604, 0),
	Vector3.new(-2.4819641113281, 5.3817806243896, 0),
	Vector3.new(-2.6811008453369, 5.2773866653442, 0),
	Vector3.new(-2.8026809692383, 5.158989906311, 0),
	Vector3.new(-2.9788703918457, 4.7411651611328, 0),
	Vector3.new(-3.1419334411621, 4.2231884002686, 0),
	Vector3.new(-3.3207359313965, 3.8973999023438, 0),
	Vector3.new(-3.6699066162109, 3.6862716674805, 0),
	Vector3.new(-3.9992408752441, 3.677939414978, 0),
	Vector3.new(-4.1644458770752, 3.8785362243652, 0),
	Vector3.new(-4.2331085205078, 4.2270612716675, 0),
	Vector3.new(-4.0924739837646, 4.390528678894, 0),
	Vector3.new(-3.9855060577393, 4.4454498291016, 0),
	Vector3.new(-4.2860774993896, 4.24928855896, 0),
	Vector3.new(-4.2632713317871, 3.9311933517456, 0),
	Vector3.new(-4.0997486114502, 3.6595764160156, 0),
	Vector3.new(-3.7703113555908, 3.5890760421753, 0),
	Vector3.new(-3.4951171875, 3.6750106811523, 0),
	Vector3.new(-3.4196929931641, 3.582688331604, 0),
	Vector3.new(-3.6426296234131, 3.3384170532227, 0),
	Vector3.new(-3.9830741882324, 3.2798690795898, 0),
	Vector3.new(-4.2138633728027, 3.4014730453491, 0),
	Vector3.new(-3.8828716278076, 3.242769241333, 0),
	Vector3.new(-3.5509738922119, 3.2852811813354, 0),
	Vector3.new(-3.290943145752, 3.5861511230469, 0),
	Vector3.new(-3.3510055541992, 3.7957801818848, 0),
	Vector3.new(-3.2607192993164, 3.6575260162354, 0),
	Vector3.new(-3.0464000701904, 4.3535137176514, 0),
	Vector3.new(-2.8336868286133, 5.0660543441772, 0),
	Vector3.new(-2.6735687255859, 4.91428565979, 0),
	Vector3.new(-2.44899559021, 4.7919855117798, 0),
	Vector3.new(-2.2278861999512, 4.8013744354248, 0),
	Vector3.new(-2.0801010131836, 4.8463659286499, 0),
	Vector3.new(-1.7309646606445, 4.813268661499, 0),
	Vector3.new(-1.4774208068848, 4.887565612793, 0),
	Vector3.new(-1.0840339660645, 5.3284397125244, 0),
	Vector3.new(-0.60736083984375, 5.6929569244385, 0),
	Vector3.new(-0.12311744689941, 5.9124374389648, 0),
	Vector3.new(0.3218936920166, 5.948902130127, 0),
	Vector3.new(0.11100769042969, 6.1287155151367, 0),
	Vector3.new(-0.19300651550293, 6.0393447875977, 0),
	Vector3.new(-0.54120063781738, 5.8751640319824, 0),
	Vector3.new(-0.89598846435547, 5.6051158905029, 0),
	Vector3.new(-1.3952445983887, 5.2154188156128, 0),
	Vector3.new(-1.7510452270508, 4.8997411727905, 0),
	Vector3.new(-1.4308471679688, 5.2082433700562, 0),
	Vector3.new(-1.9682502746582, 4.9196844100952, 0),
	Vector3.new(-1.6682415008545, 5.0937547683716, 0),
	Vector3.new(-2.4451637268066, 4.9014844894409, 0),
	Vector3.new(-2.4960460662842, 4.9229202270508, 0),
	Vector3.new(-2.3528900146484, 5.0109224319458, 0),
	Vector3.new(-2.3582229614258, 5.2765264511108, 0),
	Vector3.new(-2.3845977783203, 5.3547792434692, 0),
	Vector3.new(-2.3441429138184, 5.880241394043, 0),
	Vector3.new(-2.3404140472412, 5.3690280914307, 0),
	Vector3.new(-2.2145004272461, 5.9000759124756, 0),
	Vector3.new(-2.2605609893799, 5.5875778198242, 0),
	Vector3.new(-2.0138854980469, 5.67063331604, 0),
	Vector3.new(-1.7334804534912, 5.8145027160645, 0),
	Vector3.new(-2.1263961791992, 5.7405376434326, 0),
	Vector3.new(-2.0310249328613, 5.8299751281738, 0),
	Vector3.new(-1.6833457946777, 5.8553733825684, 0),
	Vector3.new(-1.4066486358643, 6.1447925567627, 0),
	Vector3.new(-1.1023559570313, 6.3940238952637, 0),
	Vector3.new(-0.67720985412598, 6.6095066070557, 0),
	Vector3.new(-0.23871994018555, 6.6274547576904, 0),
	Vector3.new(0.080471038818359, 6.4933109283447, 0),
	Vector3.new(0.20615005493164, 6.2518730163574, 0),
	Vector3.new(0.45857048034668, 5.8987140655518, 0),
	Vector3.new(0.76638221740723, 5.6973686218262, 0),
	Vector3.new(1.0498142242432, 5.6320648193359, 0),
	Vector3.new(1.3754425048828, 5.679859161377, 0),
	Vector3.new(1.5703067779541, 5.821102142334, 0),
	Vector3.new(1.6370582580566, 6.01930809021, 0),
	Vector3.new(1.7046527862549, 6.5343437194824, 0),
	Vector3.new(1.8911666870117, 6.4877662658691, 0),
	Vector3.new(1.9059791564941, 6.0425300598145, 0),
	Vector3.new(1.8588771820068, 5.7711753845215, 0),
	Vector3.new(1.7499656677246, 5.6494178771973, 0),
	Vector3.new(1.8732051849365, 5.4983577728271, 0),
	Vector3.new(1.8946228027344, 5.1690244674683, 0),
	Vector3.new(1.8061466217041, 4.7638463973999, 0),
	Vector3.new(1.5594749450684, 4.4170551300049, 0),
	Vector3.new(1.117280960083, 4.2297315597534, 0),
	Vector3.new(0.58755683898926, 4.1095132827759, 0),
	Vector3.new(-0.1719799041748, 4.1145448684692, 0),
	Vector3.new(-0.77021217346191, 4.1633129119873, 0),
	Vector3.new(-1.3503074645996, 4.2038021087646, 0),
	Vector3.new(-1.7828178405762, 4.1960573196411, 0),
	Vector3.new(-2.1412239074707, 4.059178352356, 0),
	Vector3.new(-2.5961780548096, 3.7462673187256, 0),
	Vector3.new(-2.9989814758301, 3.293342590332, 0),
	Vector3.new(-3.2491512298584, 2.9019327163696, 0),
	Vector3.new(-3.3367900848389, 2.3127851486206, 0),
	Vector3.new(-3.2407760620117, 1.8676662445068, 0),
	Vector3.new(-3.0686492919922, 1.2118167877197, 0),
	Vector3.new(-2.3503761291504, 0.7141637802124, 0),
	Vector3.new(-1.3687400817871, 0.3389778137207, 0),
	Vector3.new(-0.88335800170898, 0.19577026367188, 0),
	Vector3.new(-0.032430648803711, 0.21237468719482, 0),
	Vector3.new(1.3438034057617, 0.60245132446289, 0),
	Vector3.new(-0.89237022399902, 0.29147911071777, 0),
	Vector3.new(1.06298828125, 0.71610450744629, 0),
	Vector3.new(-1.1631946563721, 0.38772296905518, 0),
	Vector3.new(0.85774230957031, 0.81356143951416, 0),
	Vector3.new(-1.4018974304199, 0.46984481811523, 0),
	Vector3.new(0.8143253326416, 0.961256980896, 0),
	Vector3.new(-1.6310615539551, 0.55560207366943, 0),
	Vector3.new(0.70736885070801, 1.1221408843994, 0),
	Vector3.new(-1.8458137512207, 0.63403129577637, 0),
	Vector3.new(0.74704360961914, 1.2354602813721, 0),
	Vector3.new(-2.0479564666748, 0.71229934692383, 0),
	Vector3.new(0.70965576171875, 1.4090757369995, 0),
	Vector3.new(-2.225378036499, 0.80959701538086, 0),
	Vector3.new(0.76889801025391, 1.6226596832275, 0),
	Vector3.new(-2.4419059753418, 0.88272190093994, 0),
	Vector3.new(0.94729042053223, 1.8473796844482, 0),
	Vector3.new(-2.5901069641113, 1.0320720672607, 0),
	Vector3.new(2.2331790924072, 2.2693567276001, 0),
	Vector3.new(-2.8172416687012, 1.1399478912354, 0),
	Vector3.new(2.4021339416504, 2.462574005127, 0),
	Vector3.new(-2.9812812805176, 1.2689781188965, 0),
	Vector3.new(2.9685306549072, 2.6648206710815, 0),
	Vector3.new(-3.0521430969238, 1.4299716949463, 0),
	Vector3.new(3.0208396911621, 2.8334846496582, 0),
	Vector3.new(-3.0796298980713, 1.6029434204102, 0),
	Vector3.new(3.0861282348633, 3.0139007568359, 0),
	Vector3.new(-3.1309490203857, 1.7686929702759, 0),
	Vector3.new(3.1918544769287, 3.2432746887207, 0),
	Vector3.new(-3.1644668579102, 1.9152393341064, 0),
	Vector3.new(3.3423824310303, 3.4466133117676, 0),
	Vector3.new(-3.1882381439209, 2.087254524231, 0),
	Vector3.new(3.409496307373, 3.6119241714478, 0),
	Vector3.new(-3.218578338623, 2.24094581604, 0),
	Vector3.new(3.4453773498535, 3.8037166595459, 0),
	Vector3.new(-3.2305603027344, 2.4164743423462, 0),
	Vector3.new(3.4662399291992, 3.9690608978271, 0),
	Vector3.new(-3.1852016448975, 2.6022109985352, 0),
	Vector3.new(3.574686050415, 4.1653347015381, 0),
	Vector3.new(-3.1827735900879, 2.7634410858154, 0),
	Vector3.new(3.8609447479248, 4.3512105941772, 0),
	Vector3.new(4.0213451385498, 4.0582818984985, 0),
	Vector3.new(3.8421955108643, 4.5148324966431, 0),
	Vector3.new(-3.1417579650879, 2.9414415359497, 0),
	Vector3.new(3.8792343139648, 4.6965560913086, 0),
	Vector3.new(-2.9930324554443, 3.1118183135986, 0),
	Vector3.new(-2.3174514770508, 3.8499822616577, 0),
	Vector3.new(-1.3249263763428, 4.1461248397827, 0),
	Vector3.new(-2.3000774383545, 3.7411165237427, 0),
	Vector3.new(-0.95842361450195, 4.0948944091797, 0),
	Vector3.new(-2.4606838226318, 3.5855760574341, 0),
	Vector3.new(-0.49274635314941, 4.0658941268921, 0),
	Vector3.new(-2.5747184753418, 3.4765739440918, 0),
	Vector3.new(-0.13859558105469, 4.0765819549561, 0),
	Vector3.new(-2.6450366973877, 3.3319206237793, 0),
	Vector3.new(3.8540058135986, 4.8155546188354, 0),
	Vector3.new(1.7427368164063, 4.4737644195557, 0),
	Vector3.new(3.8486232757568, 4.9863004684448, 0),
	Vector3.new(1.8146171569824, 4.676155090332, 0),
	Vector3.new(3.8822708129883, 5.1553754806519, 0),
	Vector3.new(1.9465866088867, 4.8782644271851, 0),
	Vector3.new(3.8726177215576, 5.3342580795288, 0),
	Vector3.new(1.9454288482666, 5.0413246154785, 0),
	Vector3.new(3.8740501403809, 5.4967517852783, 0),
	Vector3.new(1.9907512664795, 5.2129764556885, 0),
	Vector3.new(3.8868141174316, 5.6657638549805, 0),
	Vector3.new(1.9763584136963, 5.376181602478, 0),
	Vector3.new(3.8602733612061, 5.8578815460205, 0),
	Vector3.new(1.9219722747803, 5.5199604034424, 0),
	Vector3.new(3.838809967041, 5.9982852935791, 0),
	Vector3.new(1.9275169372559, 5.6786823272705, 0),
	Vector3.new(3.7659702301025, 6.1510677337646, 0),
	Vector3.new(1.9864196777344, 5.8575057983398, 0),
	Vector3.new(3.6751384735107, 6.3053894042969, 0),
	Vector3.new(2.0318565368652, 6.0422401428223, 0),
	Vector3.new(3.5716724395752, 6.4675540924072, 0),
	Vector3.new(1.9906253814697, 6.2270545959473, 0),
	Vector3.new(3.4962825775146, 6.6069736480713, 0),
	Vector3.new(2.0093822479248, 6.4252243041992, 0),
	Vector3.new(3.5619163513184, 6.780065536499, 0),
	Vector3.new(1.9210548400879, 6.5742340087891, 0),
	Vector3.new(3.3194675445557, 6.890453338623, 0),
	Vector3.new(0.2562198638916, 6.4861698150635, 0),
	Vector3.new(1.6281127929688, 6.5076351165771, 0),
	Vector3.new(1.4268264770508, 5.8244018554688, 0),
	Vector3.new(0.68507385253906, 5.8208923339844, 0),
	Vector3.new(1.3827781677246, 5.9998550415039, 0),
	Vector3.new(0.4952335357666, 5.9737586975098, 0),
	Vector3.new(1.4509162902832, 6.1698188781738, 0),
	Vector3.new(0.41653060913086, 6.1294555664063, 0),
	Vector3.new(1.4631729125977, 6.3266105651855, 0),
	Vector3.new(0.2834529876709, 6.2867603302002, 0),
	Vector3.new(0.098382949829102, 6.6060085296631, 0),
	Vector3.new(3.2598686218262, 7.0270957946777, 0),
	Vector3.new(-0.32507705688477, 6.7051105499268, 0),
	Vector3.new(-1.0875396728516, 6.6266822814941, 0),
	Vector3.new(-1.6800842285156, 6.0901966094971, 0),
	Vector3.new(-1.7060813903809, 6.3115291595459, 0),
	Vector3.new(-1.2078723907471, 6.6287803649902, 0),
	Vector3.new(-1.8359928131104, 6.4237289428711, 0),
	Vector3.new(-1.359691619873, 6.7561531066895, 0),
	Vector3.new(3.181510925293, 7.1409339904785, 0),
	Vector3.new(-1.233814239502, 6.8923854827881, 0),
	Vector3.new(-0.87251853942871, 7.0923976898193, 0),
	Vector3.new(-0.60848236083984, 7.2123966217041, 0),
	Vector3.new(-0.34358406066895, 7.4298686981201, 0),
	Vector3.new(0.0074939727783203, 7.5043792724609, 0),
	Vector3.new(0.25139999389648, 7.4636917114258, 0),
	Vector3.new(0.35495376586914, 7.3125190734863, 0),
	Vector3.new(0.47139930725098, 7.2312908172607, 0),
	Vector3.new(0.41171646118164, 7.1577949523926, 0),
	Vector3.new(0.015316009521484, 7.1593933105469, 0),
	Vector3.new(-0.11867713928223, 7.1223106384277, 0),
	Vector3.new(-0.33212852478027, 6.9812164306641, 0),
	Vector3.new(3.1024627685547, 7.2557811737061, 0),
	Vector3.new(0.57053756713867, 7.206470489502, 0),
	Vector3.new(2.9794120788574, 7.3926849365234, 0),
	Vector3.new(0.49205589294434, 7.3477096557617, 0),
	Vector3.new(2.8547439575195, 7.5188045501709, 0),
	Vector3.new(0.32819366455078, 7.4945774078369, 0),
	Vector3.new(2.6455936431885, 7.6455612182617, 0),
	Vector3.new(0.17901039123535, 7.572509765625, 0),
	Vector3.new(2.3800315856934, 7.7398681640625, 0),
	Vector3.new(-0.36592292785645, 7.5570259094238, 0),
	Vector3.new(-0.64468193054199, 7.3582649230957, 0),
	Vector3.new(-1.2373542785645, 7.0097980499268, 0),
	Vector3.new(-1.2583274841309, 7.2515830993652, 0),
	Vector3.new(-1.4835395812988, 7.4066905975342, 0),
	Vector3.new(-0.85476493835449, 7.7101669311523, 0),
	Vector3.new(-1.2264556884766, 7.3859024047852, 0),
	Vector3.new(-0.74388885498047, 7.6615009307861, 0),
	Vector3.new(-1.183349609375, 7.1806411743164, 0),
	Vector3.new(-0.5261402130127, 7.669303894043, 0),
	Vector3.new(1.7851238250732, 7.8704967498779, 0),
	Vector3.new(-0.72064399719238, 7.7667255401611, 0),
	Vector3.new(1.7164554595947, 8.0476036071777, 0),
	Vector3.new(-0.68947219848633, 7.9204711914063, 0),
	Vector3.new(1.0017967224121, 8.1622886657715, 0),
	Vector3.new(-0.66653633117676, 8.0179767608643, 0)
}
