return {
	Vector3.new(-8.42900848, 22.6363049, 0),
	Vector3.new(-8.44340324, 19.2671375, 0),
	Vector3.new(-6.30212355, 19.2489948, 0),
	Vector3.new(-6.28212643, 20.2402363, 0),
	Vector3.new(-6.8027091, 20.2369061, 0),
	Vector3.new(-6.79518175, 19.8111477, 0),
	Vector3.new(-7.89344645, 19.8214684, 0),
	Vector3.new(-7.87025595, 22.180088, 0),
	Vector3.new(-6.86074018, 22.1870556, 0),
	Vector3.new(-6.82940006, 21.746418, 0),
	Vector3.new(-6.33359289, 21.7475204, 0),
	Vector3.new(-6.31323385, 22.6710434, 0),
	Vector3.new(-8.43509483, 22.6953468, 0),
	Vector3.new(-6.30107641, 22.7121048, 0),
	Vector3.new(-5.72485924, 22.711853, 0),
	Vector3.new(-4.10641146, 22.7344494, 0),
	Vector3.new(-4.08131456, 22.2428055, 0),
	Vector3.new(-3.58489537, 22.2197456, 0),
	Vector3.new(-3.54951644, 19.2803535, 0),
	Vector3.new(-5.18382931, 19.2795372, 0),
	Vector3.new(-5.17458487, 19.8005733, 0),
	Vector3.new(-4.06323767, 19.7870331, 0),
	Vector3.new(-4.07879257, 21.8085461, 0),
	Vector3.new(-4.59022474, 21.8052788, 0),
	Vector3.new(-4.58655739, 22.2803307, 0),
	Vector3.new(-5.21168327, 22.2747955, 0),
	Vector3.new(-5.22370386, 20.2829704, 0),
	Vector3.new(-4.69019318, 20.2759171, 0),
	Vector3.new(-4.65561104, 19.8402977, 0),
	Vector3.new(-5.72266769, 19.8073711, 0),
	Vector3.new(-5.70040703, 22.7139702, 0),
	Vector3.new(-4.06769514, 22.7582264, 0),
	Vector3.new(-4.08513308, 22.3041534, 0),
	Vector3.new(-3.60198951, 22.2437325, 0),
	Vector3.new(-3.02125788, 22.2682114, 0),
	Vector3.new(-2.99700785, 22.7049294, 0),
	Vector3.new(-2.48163605, 22.68437, 0),
	Vector3.new(-2.4775672, 19.8131943, 0),
	Vector3.new(-2.98790121, 19.7901783, 0),
	Vector3.new(-3.02095652, 22.1773834, 0),
	Vector3.new(-2.98792028, 19.7964306, 0),
	Vector3.new(-2.48386526, 19.8383007, 0),
	Vector3.new(-2.45910072, 19.3134575, 0),
	Vector3.new(-1.94792604, 19.3039112, 0),
	Vector3.new(-1.907619, 19.7481194, 0),
	Vector3.new(-2.47760344, 19.7693233, 0),
	Vector3.new(-1.34668875, 19.7835598, 0),
	Vector3.new(-1.3446703, 22.7164555, 0),
	Vector3.new(-1.84641123, 22.7372742, 0),
	Vector3.new(-1.88200235, 19.785717, 0),
	Vector3.new(-1.37200975, 19.8088779, 0),
	Vector3.new(-0.789068699, 19.7876339, 0),
	Vector3.new(-0.789768696, 19.277565, 0),
	Vector3.new(-0.301582336, 19.2995014, 0),
	Vector3.new(-0.281098366, 22.6817074, 0),
	Vector3.new(-0.78763628, 22.7225456, 0),
	Vector3.new(-0.808086395, 19.8066769, 0),
	Vector3.new(-0.789768696, 19.277565, 0),
	Vector3.new(-0.295259953, 19.293169, 0),
	Vector3.new(0.337387562, 19.2890568, 0),
	Vector3.new(0.295674801, 22.7144508, 0),
	Vector3.new(1.888062, 22.7130814, 0),
	Vector3.new(1.88758993, 22.251173, 0),
	Vector3.new(2.4197402, 22.2495823, 0),
	Vector3.new(2.44702005, 19.7458096, 0),
	Vector3.new(1.93090582, 19.7580032, 0),
	Vector3.new(1.90337038, 19.2905388, 0),
	Vector3.new(0.326304913, 19.2728062, 0),
	Vector3.new(1.90469408, 19.2532253, 0),
	Vector3.new(1.98178244, 19.7662468, 0),
	Vector3.new(1.9160552, 20.2847366, 0),
	Vector3.new(1.92457342, 21.684227, 0),
	Vector3.new(1.38533354, 21.7332363, 0),
	Vector3.new(1.3298173, 22.181778, 0),
	Vector3.new(0.830580235, 22.2156677, 0),
	Vector3.new(0.811700344, 19.761776, 0),
	Vector3.new(1.43037939, 19.7756424, 0),
	Vector3.new(1.41051722, 20.217411, 0),
	Vector3.new(1.89089155, 20.2363682, 0),
	Vector3.new(1.97652388, 19.7455063, 0),
	Vector3.new(2.43865442, 19.7517509, 0),
	Vector3.new(2.43516684, 20.7693977, 0),
	Vector3.new(3.03470373, 20.7501736, 0),
	Vector3.new(3.00464392, 21.2312393, 0),
	Vector3.new(4.56400537, 21.2268925, 0),
	Vector3.new(4.62577963, 20.7367992, 0),
	Vector3.new(3.01747847, 20.716114, 0),
	Vector3.new(5.19103384, 20.7372284, 0),
	Vector3.new(5.19449186, 22.6773834, 0),
	Vector3.new(5.73964071, 22.6675224, 0),
	Vector3.new(5.75897169, 19.289526, 0),
	Vector3.new(5.23479986, 19.2628727, 0),
	Vector3.new(5.19159651, 20.7183113, 0),
	Vector3.new(5.23369646, 19.3000736, 0),
	Vector3.new(5.75976801, 19.2736893, 0),
	Vector3.new(6.34583426, 19.2857647, 0),
	Vector3.new(6.34663343, 19.7339439, 0),
	Vector3.new(7.9239459, 19.7567825, 0),
	Vector3.new(7.89529753, 20.7347202, 0),
	Vector3.new(6.28665495, 20.7845192, 0),
	Vector3.new(6.31221342, 22.7011566, 0),
	Vector3.new(6.84466314, 22.7011566, 0),
	Vector3.new(6.83138037, 21.2662392, 0),
	Vector3.new(7.8832202, 21.2330685, 0),
	Vector3.new(7.87281561, 22.2283897, 0),
	Vector3.new(6.86872816, 22.2826805, 0),
	Vector3.new(6.86996031, 22.7056313, 0),
	Vector3.new(8.45125961, 22.6903973, 0),
	Vector3.new(8.46718216, 19.2497196, 0),
	Vector3.new(6.33852434, 19.2288551, 0),
	Vector3.new(5.24620485, 19.237402, 0),
	Vector3.new(4.07371187, 17.7332993, 0),
	Vector3.new(3.01004744, 17.7663689, 0),
	Vector3.new(3.00030088, 17.336916, 0),
	Vector3.new(2.5090909, 17.3060226, 0),
	Vector3.new(2.47186422, 16.3449135, 0),
	Vector3.new(1.95581102, 16.3015175, 0),
	Vector3.new(1.96391726, 15.3039703, 0),
	Vector3.new(1.38403845, 15.3024368, 0),
	Vector3.new(1.38968992, 14.8115978, 0),
	Vector3.new(-0.77311182, 14.8262234, 0),
	Vector3.new(-0.811634064, 15.2757549, 0),
	Vector3.new(-1.30486917, 15.3114166, 0),
	Vector3.new(-1.35277987, 16.3471031, 0),
	Vector3.new(-1.88839102, 16.3345165, 0),
	Vector3.new(-1.86856747, 17.3075962, 0),
	Vector3.new(-2.42138481, 17.3158188, 0),
	Vector3.new(-2.43621397, 17.8068562, 0),
	Vector3.new(-3.54534864, 17.8340797, 0),
	Vector3.new(-3.56360745, 17.279644, 0),
	Vector3.new(-4.10799265, 17.3111267, 0),
	Vector3.new(-4.10308409, 16.3088837, 0),
	Vector3.new(-3.55045557, 16.3140926, 0),
	Vector3.new(-3.55067968, 15.8304586, 0),
	Vector3.new(-3.0441227, 15.8242702, 0),
	Vector3.new(-2.9979043, 15.3177576, 0),
	Vector3.new(-2.4547801, 15.3016205, 0),
	Vector3.new(-2.47746181, 14.3590069, 0),
	Vector3.new(-3.53052282, 14.3336401, 0),
	Vector3.new(-3.54627013, 13.8542957, 0),
	Vector3.new(-5.19039202, 13.8765736, 0),
	Vector3.new(-5.1960206, 14.3192596, 0),
	Vector3.new(-5.74433708, 14.3385754, 0),
	Vector3.new(-5.77675009, 14.7787838, 0),
	Vector3.new(-6.25815678, 14.8214035, 0),
	Vector3.new(-6.29341602, 15.3432617, 0),
	Vector3.new(-7.33672047, 15.2857704, 0),
	Vector3.new(-7.38741159, 14.8219776, 0),
	Vector3.new(-7.91341972, 14.8224945, 0),
	Vector3.new(-7.88245296, 13.8620605, 0),
	Vector3.new(-7.37595701, 13.8641672, 0),
	Vector3.new(-7.35639763, 13.3375225, 0),
	Vector3.new(-6.30527973, 13.3658113, 0),
	Vector3.new(-6.30832767, 12.857749, 0),
	Vector3.new(-5.77069759, 12.8478985, 0),
	Vector3.new(-5.75649166, 12.3382826, 0),
	Vector3.new(-5.18411255, 12.3340588, 0),
	Vector3.new(-5.18647766, 11.8637753, 0),
	Vector3.new(-5.78685331, 11.8517818, 0),
	Vector3.new(-5.75121355, 11.4074287, 0),
	Vector3.new(-6.80631399, 11.3938684, 0),
	Vector3.new(-6.82303333, 11.8558187, 0),
	Vector3.new(-7.89469576, 11.8645287, 0),
	Vector3.new(-7.90659475, 11.3940077, 0),
	Vector3.new(-8.44851112, 11.3641481, 0),
	Vector3.new(-8.47298431, 10.4383612, 0),
	Vector3.new(-7.90215254, 10.4011497, 0),
	Vector3.new(-7.89500856, 9.89726639, 0),
	Vector3.new(-6.82935953, 9.92074108, 0),
	Vector3.new(-6.84164953, 10.3928032, 0),
	Vector3.new(-6.28674793, 10.4050903, 0),
	Vector3.new(-6.28190851, 9.86963081, 0),
	Vector3.new(-5.76449347, 9.90468502, 0),
	Vector3.new(-5.74172974, 8.41040707, 0),
	Vector3.new(-6.26904058, 8.39455605, 0),
	Vector3.new(-6.28286171, 7.97541475, 0),
	Vector3.new(-6.80031204, 7.97346735, 0),
	Vector3.new(-6.81888676, 7.46262455, 0),
	Vector3.new(-7.88525152, 7.42192221, 0),
	Vector3.new(-7.89754915, 6.96431637, 0),
	Vector3.new(-8.46855354, 6.95266819, 0),
	Vector3.new(-8.46341133, 5.97071981, 0),
	Vector3.new(-7.88061857, 5.93888807, 0),
	Vector3.new(-7.84574509, 5.45261383, 0),
	Vector3.new(-6.84408426, 5.45559072, 0),
	Vector3.new(-6.81871367, 5.91385984, 0),
	Vector3.new(-6.3172102, 5.91900444, 0),
	Vector3.new(-6.2950654, 6.92715406, 0),
	Vector3.new(-5.73384809, 6.96266317, 0),
	Vector3.new(-5.7285676, 7.40118551, 0),
	Vector3.new(-5.17419577, 7.39212275, 0),
	Vector3.new(-5.1523118, 6.90710878, 0),
	Vector3.new(-4.62059736, 6.91143417, 0),
	Vector3.new(-4.61060381, 6.44606352, 0),
	Vector3.new(-4.09324312, 6.43765593, 0),
	Vector3.new(-4.09517717, 5.91004992, 0),
	Vector3.new(-3.58075857, 5.92798138, 0),
	Vector3.new(-3.56753874, 5.45149231, 0),
	Vector3.new(-3.02360201, 5.44848728, 0),
	Vector3.new(-3.01816702, 4.95872784, 0),
	Vector3.new(-3.54809427, 4.97301483, 0),
	Vector3.new(-3.57514668, 4.48437214, 0),
	Vector3.new(-4.06933641, 4.48600912, 0),
	Vector3.new(-4.08419323, 4.01803112, 0),
	Vector3.new(-4.63474131, 4.02386475, 0),
	Vector3.new(-4.60981131, 3.51688671, 0),
	Vector3.new(-5.16080809, 3.50941658, 0),
	Vector3.new(-5.22693729, 2.5133934, 0),
	Vector3.new(-4.63927364, 2.52255344, 0),
	Vector3.new(-4.60401058, 1.99280167, 0),
	Vector3.new(-3.57265019, 2.05209923, 0),
	Vector3.new(-3.5438056, 2.42746735, 0),
	Vector3.new(-3.00450182, 2.50952816, 0),
	Vector3.new(-2.99165964, 3.51217079, 0),
	Vector3.new(-2.49025679, 3.50554848, 0),
	Vector3.new(-2.43994808, 4.48238087, 0),
	Vector3.new(-1.89488935, 4.47311354, 0),
	Vector3.new(-1.88677216, 4.96913528, 0),
	Vector3.new(0.263419151, 4.96824169, 0),
	Vector3.new(0.278595924, 4.47769499, 0),
	Vector3.new(0.787652493, 4.49435139, 0),
	Vector3.new(0.803991795, 3.50371361, 0),
	Vector3.new(1.31204081, 3.4847374, 0),
	Vector3.new(1.34023619, 2.52045155, 0),
	Vector3.new(1.93935919, 2.48301125, 0),
	Vector3.new(1.9314599, 2.02546787, 0),
	Vector3.new(3.02154875, 2.04630852, 0),
	Vector3.new(3.03012323, 2.52197647, 0),
	Vector3.new(3.53334284, 2.55006123, 0),
	Vector3.new(3.54163599, 3.51621246, 0),
	Vector3.new(2.99593878, 3.51891136, 0),
	Vector3.new(3.004498, 3.99309826, 0),
	Vector3.new(2.48423815, 4.02983093, 0),
	Vector3.new(2.45809698, 4.47282219, 0),
	Vector3.new(1.94229269, 4.50791311, 0),
	Vector3.new(1.89994574, 5.43223667, 0),
	Vector3.new(3.00003767, 5.47819471, 0),
	Vector3.new(3.01961088, 5.90900087, 0),
	Vector3.new(4.61517191, 5.95816994, 0),
	Vector3.new(4.63802862, 5.44541693, 0),
	Vector3.new(5.17707777, 5.41980791, 0),
	Vector3.new(5.2017951, 4.97957611, 0),
	Vector3.new(5.70704222, 4.9814744, 0),
	Vector3.new(5.70709181, 4.50202608, 0),
	Vector3.new(6.8369832, 4.48860788, 0),
	Vector3.new(6.83021116, 4.9324317, 0),
	Vector3.new(7.36252832, 4.97342443, 0),
	Vector3.new(7.3624301, 5.9390111, 0),
	Vector3.new(6.82698584, 5.93473959, 0),
	Vector3.new(6.80576754, 6.41156864, 0),
	Vector3.new(5.80220366, 6.47256088, 0),
	Vector3.new(5.75309134, 6.92169094, 0),
	Vector3.new(5.20824289, 6.96666431, 0),
	Vector3.new(5.17224455, 7.40011311, 0),
	Vector3.new(4.65250635, 7.44416571, 0),
	Vector3.new(4.62837362, 7.90230083, 0),
	Vector3.new(5.18262625, 7.95380592, 0),
	Vector3.new(5.16751528, 8.87681198, 0),
	Vector3.new(6.28969717, 8.91173077, 0),
	Vector3.new(6.29790258, 9.38149834, 0),
	Vector3.new(6.80921507, 9.40390491, 0),
	Vector3.new(6.79713011, 8.88688278, 0),
	Vector3.new(7.87162161, 8.88861275, 0),
	Vector3.new(7.92042303, 9.37145233, 0),
	Vector3.new(8.44319916, 9.40724468, 0),
	Vector3.new(8.46472359, 10.3544054, 0),
	Vector3.new(7.88853407, 10.3808975, 0),
	Vector3.new(7.9014163, 10.844883, 0),
	Vector3.new(6.84041929, 10.8930359, 0),
	Vector3.new(6.86165953, 10.3918419, 0),
	Vector3.new(5.17263746, 10.4252405, 0),
	Vector3.new(5.18034792, 11.3373919, 0),
	Vector3.new(5.76898813, 11.3853102, 0),
	Vector3.new(5.75128889, 11.8181753, 0),
	Vector3.new(6.26473761, 11.8165197, 0),
	Vector3.new(6.28008604, 12.2914171, 0),
	Vector3.new(7.38124704, 12.3305702, 0),
	Vector3.new(7.36115217, 12.8421021, 0),
	Vector3.new(7.90808344, 12.8362503, 0),
	Vector3.new(7.92492914, 13.8139048, 0),
	Vector3.new(7.38227797, 13.8619184, 0),
	Vector3.new(7.36573553, 14.3153486, 0),
	Vector3.new(6.29715776, 14.3563118, 0),
	Vector3.new(6.29114962, 13.8486891, 0),
	Vector3.new(5.76050615, 13.8490095, 0),
	Vector3.new(5.76604986, 12.8608236, 0),
	Vector3.new(5.23309278, 12.8663988, 0),
	Vector3.new(5.24514246, 12.322444, 0),
	Vector3.new(4.67535162, 12.3333807, 0),
	Vector3.new(4.64062643, 12.831974, 0),
	Vector3.new(4.10689497, 12.8661556, 0),
	Vector3.new(4.07150221, 13.3681526, 0),
	Vector3.new(3.5776, 13.3599586, 0),
	Vector3.new(3.55538225, 13.8386431, 0),
	Vector3.new(2.98996115, 13.8562698, 0),
	Vector3.new(2.9774375, 14.2749014, 0),
	Vector3.new(2.47715712, 14.3060217, 0),
	Vector3.new(2.45722723, 14.8023415, 0),
	Vector3.new(3.01795912, 14.810235, 0),
	Vector3.new(3.01149607, 15.2586575, 0),
	Vector3.new(3.56676245, 15.2891321, 0),
	Vector3.new(3.52033377, 15.7444324, 0),
	Vector3.new(4.05909109, 15.7445316, 0),
	Vector3.new(4.07971239, 16.3130074, 0),
	Vector3.new(4.65244818, 16.3315067, 0),
	Vector3.new(4.64267874, 17.2548237, 0),
	Vector3.new(4.10897875, 17.3103714, 0),
	Vector3.new(4.11216688, 17.7172508, 0),
	Vector3.new(4.11734819, 17.3212605, 0),
	Vector3.new(4.64380598, 17.3349838, 0),
	Vector3.new(4.64354849, 16.3260632, 0),
	Vector3.new(4.0858779, 16.3394623, 0),
	Vector3.new(4.03119993, 15.7755346, 0),
	Vector3.new(3.50009012, 15.7169666, 0),
	Vector3.new(3.56978464, 15.2710447, 0),
	Vector3.new(3.15239096, 15.2490187, 0),
	Vector3.new(3.0238986, 14.7959461, 0),
	Vector3.new(2.46017981, 14.794096, 0),
	Vector3.new(2.47917509, 14.3299122, 0),
	Vector3.new(1.4105792, 14.3046856, 0),
	Vector3.new(-2.45948267, 14.300127, 0),
	Vector3.new(-2.44002867, 13.8547544, 0),
	Vector3.new(-2.99622774, 13.7577219, 0),
	Vector3.new(-3.02283955, 13.349412, 0),
	Vector3.new(-4.02672911, 13.2698202, 0),
	Vector3.new(-4.05932331, 12.3819952, 0),
	Vector3.new(-4.59941626, 12.3867321, 0),
	Vector3.new(-4.60796547, 11.3847284, 0),
	Vector3.new(-5.1394949, 11.3056908, 0),
	Vector3.new(-5.16495609, 8.49150562, 0),
	Vector3.new(-4.63644361, 8.4686079, 0),
	Vector3.new(-4.60966063, 7.52268314, 0),
	Vector3.new(-4.05861139, 7.44792271, 0),
	Vector3.new(-4.02372646, 6.47257757, 0),
	Vector3.new(-3.04204226, 6.48020029, 0),
	Vector3.new(-3.00564623, 5.96714401, 0),
	Vector3.new(-1.88264704, 5.89230871, 0),
	Vector3.new(-1.87404585, 5.47822475, 0),
	Vector3.new(1.89492083, 5.51028538, 0),
	Vector3.new(1.89541864, 5.90117741, 0),
	Vector3.new(2.44418097, 5.93004608, 0),
	Vector3.new(2.45874071, 6.43071461, 0),
	Vector3.new(3.54488897, 6.48845863, 0),
	Vector3.new(3.58237982, 7.40091991, 0),
	Vector3.new(4.10145235, 7.42530298, 0),
	Vector3.new(4.08556604, 8.40812492, 0),
	Vector3.new(4.59638357, 8.40922737, 0),
	Vector3.new(4.63164473, 11.3178024, 0),
	Vector3.new(4.10066557, 11.3632479, 0),
	Vector3.new(4.09053183, 12.2787991, 0),
	Vector3.new(3.58963919, 12.2793388, 0),
	Vector3.new(3.53674936, 13.3300562, 0),
	Vector3.new(2.50360918, 13.3098755, 0),
	Vector3.new(2.43952513, 13.767808, 0),
	Vector3.new(1.38055372, 13.8245602, 0),
	Vector3.new(1.35371923, 14.2778311, 0),
	Vector3.new(-0.289563656, 14.273612, 0),
	Vector3.new(-0.290016651, 13.7898054, 0),
	Vector3.new(-1.34717131, 13.804677, 0),
	Vector3.new(-1.34460211, 13.3217182, 0),
	Vector3.new(-1.87396717, 13.3419704, 0),
	Vector3.new(-1.91363668, 12.3625669, 0),
	Vector3.new(-1.37661028, 12.3388796, 0),
	Vector3.new(-1.36350584, 11.8305874, 0),
	Vector3.new(-0.810492039, 11.8049469, 0),
	Vector3.new(-0.81717062, 11.3734589, 0),
	Vector3.new(-0.267039776, 11.395422, 0),
	Vector3.new(-0.230345726, 11.8403406, 0),
	Vector3.new(0.253855705, 11.8103848, 0),
	Vector3.new(0.303475857, 11.3705597, 0),
	Vector3.new(0.844626904, 11.410779, 0),
	Vector3.new(0.791047573, 12.3105698, 0),
	Vector3.new(0.322515488, 12.3623438, 0),
	Vector3.new(0.268244267, 13.3096485, 0),
	Vector3.new(-0.24652195, 13.3708563, 0),
	Vector3.new(-0.278268337, 14.301651, 0),
	Vector3.new(-2.45386505, 14.2953987, 0),
	Vector3.new(-2.43902922, 13.8117142, 0),
	Vector3.new(-3.01885366, 13.7964706, 0),
	Vector3.new(-3.04146624, 13.3441334, 0),
	Vector3.new(-4.02598906, 13.2912884, 0),
	Vector3.new(-4.0804987, 12.3827381, 0),
	Vector3.new(-4.6248641, 12.3975391, 0),
	Vector3.new(-4.62098551, 11.3545856, 0),
	Vector3.new(-4.60107565, 10.4058046, 0),
	Vector3.new(-4.07982016, 10.3764677, 0),
	Vector3.new(-4.08444118, 9.95043945, 0),
	Vector3.new(-3.02440691, 9.93933678, 0),
	Vector3.new(-3.00535297, 9.41718292, 0),
	Vector3.new(-2.4483037, 9.39352036, 0),
	Vector3.new(-2.45972919, 9.90680981, 0),
	Vector3.new(-3.00350523, 9.92957687, 0),
	Vector3.new(-2.99522448, 10.3882236, 0),
	Vector3.new(-1.89382553, 10.4072399, 0),
	Vector3.new(-1.9108777, 10.862092, 0),
	Vector3.new(-2.47068501, 10.925127, 0),
	Vector3.new(-2.46137571, 11.3374996, 0),
	Vector3.new(-3.01043653, 11.3585892, 0),
	Vector3.new(-2.99526548, 11.7854834, 0),
	Vector3.new(-4.04777956, 11.8257027, 0),
	Vector3.new(-4.08008432, 11.3979521, 0),
	Vector3.new(-5.18341494, 11.3691339, 0),
	Vector3.new(-5.1862011, 8.50146103, 0),
	Vector3.new(-4.65478182, 8.44833946, 0),
	Vector3.new(-4.61208677, 7.49422932, 0),
	Vector3.new(-4.06901073, 7.47917509, 0),
	Vector3.new(-4.02832174, 6.44182825, 0),
	Vector3.new(-2.9927001, 6.46436357, 0),
	Vector3.new(-3.02135181, 6.90468073, 0),
	Vector3.new(-3.55467558, 6.92958164, 0),
	Vector3.new(-3.55812836, 7.87491894, 0),
	Vector3.new(-3.05090141, 7.90517902, 0),
	Vector3.new(-3.00688505, 8.40887642, 0),
	Vector3.new(-2.51992416, 8.45786095, 0),
	Vector3.new(-2.48015738, 8.85583878, 0),
	Vector3.new(-1.94042587, 8.84082222, 0),
	Vector3.new(-1.87632227, 7.89794636, 0),
	Vector3.new(-1.3348527, 7.88505793, 0),
	Vector3.new(-1.29134035, 8.43992615, 0),
	Vector3.new(-0.846380234, 8.43342972, 0),
	Vector3.new(-0.836787701, 7.93919897, 0),
	Vector3.new(-1.38530445, 7.92636442, 0),
	Vector3.new(-1.35571957, 6.91276503, 0),
	Vector3.new(-1.86549473, 6.90476561, 0),
	Vector3.new(-1.85615873, 6.46894121, 0),
	Vector3.new(-3.00472116, 6.43621922, 0),
	Vector3.new(-3.03679132, 5.92312622, 0),
	Vector3.new(-1.83074665, 5.88685369, 0),
	Vector3.new(-1.84985304, 5.45269394, 0),
	Vector3.new(1.87475729, 5.53976345, 0),
	Vector3.new(1.87761164, 5.93134785, 0),
	Vector3.new(2.41365767, 5.95031691, 0),
	Vector3.new(2.46352339, 6.89790678, 0),
	Vector3.new(3.0132556, 6.95786572, 0),
	Vector3.new(3.015306, 7.90210247, 0),
	Vector3.new(2.51844931, 7.92278814, 0),
	Vector3.new(2.46738577, 8.4008503, 0),
	Vector3.new(1.44305849, 8.40051079, 0),
	Vector3.new(1.40071344, 8.93096066, 0),
	Vector3.new(0.814436436, 8.89667606, 0),
	Vector3.new(0.831456661, 8.40433311, 0),
	Vector3.new(1.42139769, 8.43111801, 0),
	Vector3.new(1.38332415, 7.9496212, 0),
	Vector3.new(0.303426266, 7.96935749, 0),
	Vector3.new(0.287203312, 8.37816429, 0),
	Vector3.new(-0.260853767, 8.3820343, 0),
	Vector3.new(-0.25526762, 7.95016289, 0),
	Vector3.new(0.294945717, 7.91725206, 0),
	Vector3.new(0.309587955, 7.44378281, 0),
	Vector3.new(0.779627323, 7.42076778, 0),
	Vector3.new(0.819747448, 6.96561289, 0),
	Vector3.new(1.38791513, 6.93994284, 0),
	Vector3.new(1.43199205, 6.4404459, 0),
	Vector3.new(3.50201559, 6.52845192, 0),
	Vector3.new(3.58240461, 7.41898441, 0),
	Vector3.new(4.11477709, 7.46091318, 0),
	Vector3.new(4.04633856, 8.44128036, 0),
	Vector3.new(4.5900445, 8.43823051, 0),
	Vector3.new(4.61329126, 11.31499, 0),
	Vector3.new(3.57313108, 11.3483057, 0),
	Vector3.new(3.55935049, 11.8173981, 0),
	Vector3.new(2.47440672, 11.851099, 0),
	Vector3.new(2.44360685, 11.3816462, 0),
	Vector3.new(1.89279318, 11.3673544, 0),
	Vector3.new(1.8949151, 10.4436874, 0),
	Vector3.new(1.37071085, 10.373806, 0),
	Vector3.new(0.293744564, 10.4064054, 0),
	Vector3.new(0.256993771, 10.9030609, 0),
	Vector3.new(-0.795967579, 10.8842173, 0),
	Vector3.new(-0.786445141, 10.3924332, 0),
	Vector3.new(-1.31829977, 10.4390306, 0),
	Vector3.new(-1.30531454, 9.37992477, 0),
	Vector3.new(-0.8183465, 9.37992382, 0),
	Vector3.new(-0.759295464, 8.91888237, 0),
	Vector3.new(0.264097691, 8.89703751, 0),
	Vector3.new(0.279007912, 9.40365219, 0),
	Vector3.new(0.789227962, 9.40854263, 0),
	Vector3.new(0.796546459, 10.3947306, 0),
	Vector3.new(1.42303514, 10.3714676, 0),
	Vector3.new(1.4048667, 9.94026375, 0),
	Vector3.new(1.91128111, 9.95937347, 0),
	Vector3.new(1.91562414, 10.3877897, 0),
	Vector3.new(2.46578836, 10.4038696, 0),
	Vector3.new(2.48812914, 9.3632164, 0),
	Vector3.new(2.99199533, 9.34554482, 0),
	Vector3.new(2.99339628, 9.83856392, 0),
	Vector3.new(3.51345682, 9.88345623, 0),
	Vector3.new(3.52586126, 10.360733, 0),
	Vector3.new(4.1247201, 10.3442688, 0),
	Vector3.new(4.07447672, 11.3453989, 0)
}
