return
{
Vector3.new(-7.03788376, -8.49993801, 0.0120048523),
Vector3.new(-7.0619812, -8.49993801, -0.969409943),
Vector3.new(-7.03807449, -8.49993801, -2.04886246),
Vector3.new(-7.0371933, -8.49993801, -2.95581436),
Vector3.new(-7.04584122, -8.49993801, -4.04050064),
Vector3.new(-7.06920242, -8.49993801, -4.93340302),
Vector3.new(-7.08547974, -8.49993801, -5.95540619),
Vector3.new(-7.06970596, -8.49993801, -7.03231812),
Vector3.new(-7.09311295, -8.49993801, -7.93168259),
Vector3.new(-7.05262756, -8.49993801, -8.95605469),
Vector3.new(-7.06878281, -8.49993801, -9.96696472),
Vector3.new(-7.08514786, -8.49993801, -11.002697),
Vector3.new(-7.09300995, -8.49993801, -11.9881096),
Vector3.new(-7.10029984, -8.49993801, -12.902317),
Vector3.new(-7.08649445, -8.49993801, -13.9963646),
Vector3.new(-6.1218338, -8.49993801, -14.0205193),
Vector3.new(-5.05095291, -8.49993801, -13.9849052),
Vector3.new(-4.06397629, -8.49993801, -13.9847794),
Vector3.new(-3.10954285, -8.49993801, -14.0105934),
Vector3.new(-2.10765457, -8.49993801, -14.0135384),
Vector3.new(-1.14220047, -8.49993801, -14.0478859),
Vector3.new(-0.0702896118, -8.49993801, -13.9729767),
Vector3.new(0.884902954, -8.49993801, -14.0075417),
Vector3.new(1.90561676, -8.49993801, -14.0102463),
Vector3.new(2.91122437, -8.49993801, -13.9748726),
Vector3.new(3.91789627, -8.49993801, -13.9701881),
Vector3.new(4.92925644, -8.49993801, -13.9962311),
Vector3.new(5.91949844, -8.49993801, -13.9996796),
Vector3.new(6.89763641, -8.49993801, -14.0188866),
Vector3.new(6.94924927, -8.49993801, -13.0199432),
Vector3.new(6.93537521, -8.49993801, -12.0003624),
Vector3.new(6.96382904, -8.49993801, -11.0051384),
Vector3.new(6.97241592, -8.49993801, -10.0300407),
Vector3.new(6.93767929, -8.49993801, -9.0045166),
Vector3.new(6.96147156, -8.49993801, -8.06250381),
Vector3.new(6.94065857, -8.49993801, -7.03567123),
Vector3.new(6.96372604, -8.49993801, -6.01694107),
Vector3.new(6.9299469, -8.49993801, -4.9965477),
Vector3.new(6.93795013, -8.49993801, -4.03205872),
Vector3.new(6.93906403, -8.49993801, -2.99449539),
Vector3.new(6.96805191, -8.49993801, -1.98589325),
Vector3.new(6.94815445, -8.49993801, -1.02013779),
Vector3.new(6.93530273, -8.49993801, -0.00757217407),
Vector3.new(5.98911667, -8.49993801, 0.0296325684),
Vector3.new(4.98880005, -8.49993801, 0.0178337097),
Vector3.new(3.96876144, -8.49993801, 0.0125694275),
Vector3.new(3.02600098, -8.49993801, -0.0186004639),
Vector3.new(1.97898483, -8.49993801, 0.0132064819),
Vector3.new(0.977890015, -8.49993801, 0.0139846802),
Vector3.new(0, -8.49993801, 0),
Vector3.new(-1.03174973, -8.49993801, -0.00623703003),
Vector3.new(-2.03834915, -8.49993801, -0.0126647949),
Vector3.new(-3.03816605, -8.49993801, 0.00995635986),
Vector3.new(-4.07390213, -8.49993801, 0.0183181763),
Vector3.new(-5.02412033, -8.49993801, 0.00416946411),
Vector3.new(-6.03864288, -8.49993801, 0.0196266174),
Vector3.new(-7.03788376, -8.49993801, 0.0120048523),
Vector3.new(-7.03788376, 8.49993801, 0.0120048523),
Vector3.new(-7.0619812, 8.49993801, -0.969409943),
Vector3.new(-7.0619812, -8.49993801, -0.969409943),
Vector3.new(-7.0619812, 8.49993801, -0.969409943),
Vector3.new(-7.03807449, 8.49993801, -2.04886246),
Vector3.new(-7.03807449, -8.49993801, -2.04886246),
Vector3.new(-7.03807449, 8.49993801, -2.04886246),
Vector3.new(-7.0371933, 8.49993801, -2.95581436),
Vector3.new(-7.0371933, -8.49993801, -2.95581436),
Vector3.new(-7.0371933, 8.49993801, -2.95581436),
Vector3.new(-7.04584122, 8.49993801, -4.04050064),
Vector3.new(-7.04584122, -8.49993801, -4.04050064),
Vector3.new(-7.04584122, 8.49993801, -4.04050064),
Vector3.new(-7.06920242, 8.49993801, -4.93340302),
Vector3.new(-7.06920242, -8.49993801, -4.93340302),
Vector3.new(-7.06920242, 8.49993801, -4.93340302),
Vector3.new(-7.08547974, 8.49993801, -5.95540619),
Vector3.new(-7.08547974, -8.49993801, -5.95540619),
Vector3.new(-7.08547974, 8.49993801, -5.95540619),
Vector3.new(-7.06970596, 8.49993801, -7.03231812),
Vector3.new(-7.06970596, -8.49993801, -7.03231812),
Vector3.new(-7.06970596, 8.49993801, -7.03231812),
Vector3.new(-7.09311295, 8.49993801, -7.93168259),
Vector3.new(-7.09311295, -8.49993801, -7.93168259),
Vector3.new(-7.09311295, 8.49993801, -7.93168259),
Vector3.new(-7.05262756, 8.49993801, -8.95605469),
Vector3.new(-7.05262756, -8.49993801, -8.95605469),
Vector3.new(-7.05262756, 8.49993801, -8.95605469),
Vector3.new(-7.06878281, 8.49993801, -9.96696472),
Vector3.new(-7.06878281, -8.49993801, -9.96696472),
Vector3.new(-7.06878281, 8.49993801, -9.96696472),
Vector3.new(-7.08514786, 8.49993801, -11.002697),
Vector3.new(-7.08514786, -8.49993801, -11.002697),
Vector3.new(-7.08514786, 8.49993801, -11.002697),
Vector3.new(-7.09300995, 8.49993801, -11.9881096),
Vector3.new(-7.09300995, -8.49993801, -11.9881096),
Vector3.new(-7.09300995, 8.49993801, -11.9881096),
Vector3.new(-7.10029984, 8.49993801, -12.902317),
Vector3.new(-7.10029984, -8.49993801, -12.902317),
Vector3.new(-7.10029984, 8.49993801, -12.902317),
Vector3.new(-7.08649445, 8.49993801, -13.9963646),
Vector3.new(-7.08649445, -8.49993801, -13.9963646),
Vector3.new(-7.08649445, 8.49993801, -13.9963646),
Vector3.new(-6.1218338, 8.49993801, -14.0205193),
Vector3.new(-6.1218338, -8.49993801, -14.0205193),
Vector3.new(-6.1218338, 8.49993801, -14.0205193),
Vector3.new(-5.05095291, 8.49993801, -13.9849052),
Vector3.new(-5.05095291, -8.49993801, -13.9849052),
Vector3.new(-5.05095291, 8.49993801, -13.9849052),
Vector3.new(-4.06397629, 8.49993801, -13.9847794),
Vector3.new(-4.06397629, -8.49993801, -13.9847794),
Vector3.new(-4.06397629, 8.49993801, -13.9847794),
Vector3.new(-3.10954285, 8.49993801, -14.0105934),
Vector3.new(-3.10954285, -8.49993801, -14.0105934),
Vector3.new(-3.10954285, 8.49993801, -14.0105934),
Vector3.new(-2.10765076, 8.49993801, -14.0135384),
Vector3.new(-2.10765457, -8.49993801, -14.0135384),
Vector3.new(-2.10765076, 8.49993801, -14.0135384),
Vector3.new(-1.14220047, 8.49993801, -14.0478859),
Vector3.new(-1.14220047, -8.49993801, -14.0478859),
Vector3.new(-1.14220047, 8.49993801, -14.0478859),
Vector3.new(-0.0702896118, 8.49993801, -13.9729767),
Vector3.new(-0.0702896118, -8.49993801, -13.9729767),
Vector3.new(-0.0702896118, 8.49993801, -13.9729767),
Vector3.new(0.884902954, 8.49993801, -14.0075417),
Vector3.new(0.884902954, -8.49993801, -14.0075417),
Vector3.new(0.884902954, 8.49993801, -14.0075417),
Vector3.new(1.90561676, 8.49993801, -14.0102463),
Vector3.new(1.90561676, -8.49993801, -14.0102463),
Vector3.new(1.90561676, 8.49993801, -14.0102463),
Vector3.new(2.91122437, 8.49993801, -13.9748726),
Vector3.new(2.91122437, -8.49993801, -13.9748726),
Vector3.new(2.91122437, 8.49993801, -13.9748726),
Vector3.new(3.91789627, 8.49993801, -13.9701881),
Vector3.new(3.91789627, -8.49993801, -13.9701881),
Vector3.new(3.91789627, 8.49993801, -13.9701881),
Vector3.new(4.92925644, 8.49993801, -13.9962311),
Vector3.new(4.92925644, -8.49993801, -13.9962311),
Vector3.new(4.92925644, 8.49993801, -13.9962311),
Vector3.new(5.91949844, 8.49993801, -13.9996796),
Vector3.new(5.91949844, -8.49993801, -13.9996796),
Vector3.new(5.91949844, 8.49993801, -13.9996796),
Vector3.new(6.89763641, 8.49993801, -14.0188866),
Vector3.new(6.89763641, -8.49993801, -14.0188866),
Vector3.new(6.89763641, 8.49993801, -14.0188866),
Vector3.new(6.94924927, 8.49993801, -13.0199432),
Vector3.new(6.94924927, -8.49993801, -13.0199432),
Vector3.new(6.94924927, 8.49993801, -13.0199432),
Vector3.new(6.93537521, 8.49993801, -12.0003624),
Vector3.new(6.93537521, -8.49993801, -12.0003624),
Vector3.new(6.93537521, 8.49993801, -12.0003624),
Vector3.new(6.96382904, 8.49993801, -11.0051384),
Vector3.new(6.96382904, -8.49993801, -11.0051384),
Vector3.new(6.96382904, 8.49993801, -11.0051384),
Vector3.new(6.97241592, 8.49993801, -10.0300407),
Vector3.new(6.97241592, -8.49993801, -10.0300407),
Vector3.new(6.97241592, 8.49993801, -10.0300407),
Vector3.new(6.93767929, 8.49993801, -9.0045166),
Vector3.new(6.93767929, -8.49993801, -9.0045166),
Vector3.new(6.93767929, 8.49993801, -9.0045166),
Vector3.new(6.96147156, 8.49993801, -8.06250381),
Vector3.new(6.96147156, -8.49993801, -8.06250381),
Vector3.new(6.96147156, 8.49993801, -8.06250381),
Vector3.new(6.94065857, 8.49993801, -7.03567123),
Vector3.new(6.94065857, -8.49993801, -7.03567123),
Vector3.new(6.94065857, 8.49993801, -7.03567123),
Vector3.new(6.96372604, 8.49993801, -6.01694107),
Vector3.new(6.96372604, -8.49993801, -6.01694107),
Vector3.new(6.96372604, 8.49993801, -6.01694107),
Vector3.new(6.9299469, 8.49993801, -4.9965477),
Vector3.new(6.9299469, -8.49993801, -4.9965477),
Vector3.new(6.9299469, 8.49993801, -4.9965477),
Vector3.new(6.93795013, 8.49993801, -4.03205872),
Vector3.new(6.93795013, -8.49993801, -4.03205872),
Vector3.new(6.93795013, 8.49993801, -4.03205872),
Vector3.new(6.93906403, 8.49993801, -2.99449539),
Vector3.new(6.93906403, -8.49993801, -2.99449539),
Vector3.new(6.93906403, 8.49993801, -2.99449539),
Vector3.new(6.96805191, 8.49993801, -1.98589325),
Vector3.new(6.96805191, -8.49993801, -1.98589325),
Vector3.new(6.96805191, 8.49993801, -1.98589325),
Vector3.new(6.94815445, 8.49993801, -1.02013779),
Vector3.new(6.94815445, -8.49993801, -1.02013779),
Vector3.new(6.94815445, 8.49993801, -1.02013779),
Vector3.new(6.93530273, 8.49993801, -0.00757217407),
Vector3.new(6.93530273, -8.49993801, -0.00757217407),
Vector3.new(6.93530273, 8.49993801, -0.00757217407),
Vector3.new(5.98911667, 8.49993801, 0.0296325684),
Vector3.new(5.98911667, -8.49993801, 0.0296325684),
Vector3.new(5.98911667, 8.49993801, 0.0296325684),
Vector3.new(4.98880005, 8.49993801, 0.0178337097),
Vector3.new(4.98880005, -8.49993801, 0.0178337097),
Vector3.new(4.98880005, 8.49993801, 0.0178337097),
Vector3.new(3.96876526, 8.49993801, 0.0125694275),
Vector3.new(3.96876144, -8.49993801, 0.0125694275),
Vector3.new(3.96876526, 8.49993801, 0.0125694275),
Vector3.new(3.02600098, 8.49993801, -0.0186004639),
Vector3.new(3.02600098, -8.49993801, -0.0186004639),
Vector3.new(3.02600098, 8.49993801, -0.0186004639),
Vector3.new(1.97898483, 8.49993801, 0.0132064819),
Vector3.new(1.97898483, -8.49993801, 0.0132064819),
Vector3.new(1.97898483, 8.49993801, 0.0132064819),
Vector3.new(0.977890015, 8.49993801, 0.0139846802),
Vector3.new(0.977890015, -8.49993801, 0.0139846802),
Vector3.new(0.977890015, 8.49993801, 0.0139846802),
Vector3.new(0, 8.49993801, 0),
Vector3.new(0, -8.49993801, 0),
Vector3.new(0, 8.49993801, 0),
Vector3.new(-1.03174973, 8.49993801, -0.00623703003),
Vector3.new(-1.03174973, -8.49993801, -0.00623703003),
Vector3.new(-1.03174973, 8.49993801, -0.00623703003),
Vector3.new(-2.03834915, 8.49993801, -0.0126647949),
Vector3.new(-2.03834915, -8.49993801, -0.0126647949),
Vector3.new(-2.03834915, 8.49993801, -0.0126647949),
Vector3.new(-3.03816605, 8.49993801, 0.00995635986),
Vector3.new(-3.03816605, -8.49993801, 0.00995635986),
Vector3.new(-3.03816605, 8.49993801, 0.00995635986),
Vector3.new(-4.07390213, 8.49993801, 0.0183181763),
Vector3.new(-4.07390213, -8.49993801, 0.0183181763),
Vector3.new(-4.07390213, 8.49993801, 0.0183181763),
Vector3.new(-5.02412033, 8.49993801, 0.00416946411),
Vector3.new(-5.02412033, -8.49993801, 0.00416946411),
Vector3.new(-5.02412033, 8.49993801, 0.00416946411),
Vector3.new(-6.03864288, 8.49993801, 0.0196266174),
Vector3.new(-6.03864288, -8.49993801, 0.0196266174),
Vector3.new(-6.03864288, 8.49993801, 0.0196266174),
Vector3.new(-7.03788376, 8.49993801, 0.0120048523),
Vector3.new(6.89763641, 8.49993801, -14.0188866),
Vector3.new(6.93530273, 8.49993801, -0.00757217407),
Vector3.new(-7.08649445, 8.49993801, -13.9963646),
Vector3.new(-0.0702896118, 8.49993801, -13.9729767),
Vector3.new(0, 8.49993801, 0),
Vector3.new(-7.03788376, 8.49993801, 0.0120048523),
Vector3.new(-7.06970596, 8.49993801, -7.03231812),
Vector3.new(6.94065857, 8.49993801, -7.03567123),
Vector3.new(6.96147156, 8.49993801, -8.06250381),
Vector3.new(-7.09311295, 8.49993801, -7.93168259),
Vector3.new(-7.05262756, 8.49993801, -8.95605469),
Vector3.new(6.93767929, 8.49993801, -9.0045166),
Vector3.new(6.97241592, 8.49993801, -10.0300407),
Vector3.new(-7.06878281, 8.49993801, -9.96696472),
Vector3.new(-7.08514786, 8.49993801, -11.002697),
Vector3.new(6.96382904, 8.49993801, -11.0051384),
Vector3.new(6.93537521, 8.49993801, -12.0003624),
Vector3.new(-7.09300995, 8.49993801, -11.9881096),
Vector3.new(-7.10029984, 8.49993801, -12.902317),
Vector3.new(6.94924927, 8.49993801, -13.0199432),
Vector3.new(6.96372604, 8.49993801, -6.01694107),
Vector3.new(-7.08547974, 8.49993801, -5.95540619),
Vector3.new(-7.06920242, 8.49993801, -4.93340302),
Vector3.new(6.9299469, 8.49993801, -4.9965477),
Vector3.new(6.93795013, 8.49993801, -4.03205872),
Vector3.new(-7.04584122, 8.49993801, -4.04050064),
Vector3.new(-7.0371933, 8.49993801, -2.95581436),
Vector3.new(6.93906403, 8.49993801, -2.99449539),
Vector3.new(6.96805191, 8.49993801, -1.98589325),
Vector3.new(-7.03807449, 8.49993801, -2.04886246),
Vector3.new(-7.0619812, 8.49993801, -0.969409943),
Vector3.new(-7.0619812, -8.49993801, -0.969409943),
Vector3.new(6.94815445, -8.49993801, -1.02013779),
Vector3.new(6.96805191, -8.49993801, -1.98589325),
Vector3.new(-7.03807449, -8.49993801, -2.04886246),
Vector3.new(-7.0371933, -8.49993801, -2.95581436),
Vector3.new(6.93906403, -8.49993801, -2.99449539),
Vector3.new(6.93795013, -8.49993801, -4.03205872),
Vector3.new(-7.04584122, -8.49993801, -4.04050064),
Vector3.new(-7.06920242, -8.49993801, -4.93340302),
Vector3.new(6.9299469, -8.49993801, -4.9965477),
Vector3.new(6.9299469, -8.49993801, -4.9965477),
Vector3.new(6.96372604, -8.49993801, -6.01694107),
Vector3.new(-7.08547974, -8.49993801, -5.95540619),
Vector3.new(-7.06970596, -8.49993801, -7.03231812),
Vector3.new(6.94065857, -8.49993801, -7.03567123),
Vector3.new(6.96147156, -8.49993801, -8.06250381),
Vector3.new(-7.09311295, -8.49993801, -7.93168259),
Vector3.new(-7.05262756, -8.49993801, -8.95605469),
Vector3.new(6.93767929, -8.49993801, -9.0045166),
Vector3.new(6.97241592, -8.49993801, -10.0300407),
Vector3.new(-7.06878281, -8.49993801, -9.96696472),
Vector3.new(-7.08514786, -8.49993801, -11.002697),
Vector3.new(6.96382904, -8.49993801, -11.0051384),
Vector3.new(6.93537521, -8.49993801, -12.0003624),
Vector3.new(-7.09300995, -8.49993801, -11.9881096),
Vector3.new(-7.10029984, -8.49993801, -12.902317),
Vector3.new(6.94924927, -8.49993801, -13.0199432),
Vector3.new(6.89763641, -8.49993801, -14.0188866),
Vector3.new(5.91949844, -8.49993801, -13.9996796),
Vector3.new(5.98911667, -8.49993801, 0.0296325684),
Vector3.new(4.98880005, -8.49993801, 0.0178337097),
Vector3.new(4.92925644, -8.49993801, -13.9962311),
Vector3.new(3.91789627, -8.49993801, -13.9701881),
Vector3.new(3.96876144, -8.49993801, 0.0125694275),
Vector3.new(3.02600098, -8.49993801, -0.0186004639),
Vector3.new(2.91122437, -8.49993801, -13.9748726),
Vector3.new(1.90561676, -8.49993801, -14.0102463),
Vector3.new(1.97898483, -8.49993801, 0.0132064819),
Vector3.new(0.977890015, -8.49993801, 0.0139846802),
Vector3.new(0.884902954, -8.49993801, -14.0075417),
Vector3.new(-0.0702896118, -8.49993801, -13.9729767),
Vector3.new(0, -8.49993801, 0),
Vector3.new(-1.03174973, -8.49993801, -0.00623703003),
Vector3.new(-1.14220047, -8.49993801, -14.0478859),
Vector3.new(-2.10765457, -8.49993801, -14.0135384),
Vector3.new(-2.03834915, -8.49993801, -0.0126647949),
Vector3.new(-3.03816605, -8.49993801, 0.00995635986),
Vector3.new(-3.10954285, -8.49993801, -14.0105934),
Vector3.new(-4.06397629, -8.49993801, -13.9847794),
Vector3.new(-4.07390213, -8.49993801, 0.0183181763),
Vector3.new(-5.02412033, -8.49993801, 0.00416946411),
Vector3.new(-5.05095291, -8.49993801, -13.9849052),
Vector3.new(-6.1218338, -8.49993801, -14.0205193),
Vector3.new(-6.03864288, -8.49993801, 0.0196266174),
Vector3.new(-7.03788376, -8.49993801, 0.0120048523),
Vector3.new(6.89763641, -8.49993801, -14.0188866),
Vector3.new(6.93530273, -8.49993801, -0.00757217407),
Vector3.new(-7.08649445, -8.49993801, -13.9963646)}
